20221102-h08m37s27	[5763.99160339    0.00781876   -1.0031547   474.74106027]
20221102-h08m51s11	[5763.99160339    0.00781876   -1.0031547   474.74106027]
20221102-h09m00s52	[5763.99160339    0.00781876   -1.0031547   474.74106027]
20221102-h09m38s08	[5763.99160339    0.00781876   -1.0031547   474.74106027]
20221102-h09m43s32	[5763.99160339    0.00781876   -1.0031547   474.74106027]
20221102-h09m56s06	[5763.99160339    0.00781876   -1.0031547   474.74106027]
20221102-h10m09s02	[5763.99160339    0.00781876   -1.0031547   474.74106027]
20221102-h10m12s07	[5763.99160339    0.00781876   -1.0031547   474.74106027]
20221102-h10m14s42	[5763.99160339    0.00781876   -1.0031547   474.74106027]
20221102-h10m18s17	[5763.99160339    0.00781876   -1.0031547   474.74106027]
20221102-h10m22s34	[5763.99160339    0.00781876   -1.0031547   474.74106027]
20221102-h10m54s48	[5763.99160339    0.00781876   -1.0031547   474.74106027]
20221102-h10m55s49	[5763.99160339    0.00781876   -1.0031547   474.74106027]
20221102-h11m05s06	[5763.99160339    0.00781876   -1.0031547   474.74106027]
20221102-h11m06s34	[5763.99160339    0.00781876   -1.0031547   474.74106027]
20221102-h13m02s19	[5763.99160339    0.00781876   -1.0031547   474.74106027]
20221102-h13m03s41	[5763.99160339    0.00781876   -1.0031547   474.74106027]
20221102-h13m06s50	[5763.99160339    0.00781876   -1.0031547   474.74106027]
20221102-h13m08s09	[5763.99160339    0.00781876   -1.0031547   474.74106027]
20221102-h13m16s47	[5763.99160339    0.00781876   -1.0031547   474.74106027]
20221102-h13m18s02	[5763.99160339    0.00781876   -1.0031547   474.74106027]
20221102-h13m21s52	[5763.99160339    0.00781876   -1.0031547   474.74106027]
20221102-h13m24s29	[5763.99160339    0.00781876   -1.0031547   474.74106027]
20221102-h13m26s36	[5763.99160339    0.00781876   -1.0031547   474.74106027]
20221102-h13m53s41	[5763.99160339    0.00781876   -1.0031547   474.74106027]
20221102-h14m00s49	[5763.99160339    0.00781876   -1.0031547   474.74106027]
20221102-h14m15s02	[5763.99160339    0.00781876   -1.0031547   474.74106027]
20221102-h14m17s53	[5763.99160339    0.00781876   -1.0031547   474.74106027]
20221102-h14m22s25	[5763.99160339    0.00781876   -1.0031547   474.74106027]
20221102-h14m48s47	[5763.99160339    0.00781876   -1.0031547   474.74106027]
20221102-h14m50s49	[5763.99160339    0.00781876   -1.0031547   474.74106027]
20221102-h14m57s10	[5763.99160339    0.00781876   -1.0031547   474.74106027]
20221102-h14m59s24	[5763.99160339    0.00781876   -1.0031547   474.74106027]
20221102-h15m10s20	[5763.99160339    0.00781876   -1.0031547   474.74106027]
20221102-h16m45s46	[5763.99160339    0.00781876   -1.0031547   474.74106027]
20221102-h16m50s59	[5763.99160339    0.00781876   -1.0031547   474.74106027]
20221102-h17m03s50	[5763.99160339    0.00781876   -1.0031547   474.74106027]
20221102-h17m05s10	[5763.99160339    0.00781876   -1.0031547   474.74106027]
20221103-h13m32s54	[5763.99160339    0.00781876   -1.0031547   474.74106027]
20221103-h13m39s14	[5763.99160339    0.00781876   -1.0031547   474.74106027]
20221103-h13m43s09	[5763.99160339    0.00781876   -1.0031547   474.74106027]
20221103-h13m55s31	[5763.99160339    0.00781876   -1.0031547   474.74106027]
20221103-h14m01s45	[5763.99160339    0.00781876   -1.0031547   474.74106027]
20221103-h14m02s19	[5763.99160339    0.00781876   -1.0031547   474.74106027]
20221103-h14m12s51	[5763.99160339    0.00781876   -1.0031547   474.74106027]
20221103-h14m16s48	[5763.99160339    0.00781876   -1.0031547   474.74106027]
20221103-h16m05s52	[5763.99160339    0.00781876   -1.0031547   474.74106027]
20221104-h08m35s20	[5763.99160339    0.00781876   -1.0031547   474.74106027]
20221107-h11m08s51	[5763.99160339    0.00781876   -1.0031547   474.74106027]
20221107-h12m39s09	[5763.99160339    0.00781876   -1.0031547   474.74106027]
20221107-h12m42s18	[5763.99160339    0.00781876   -1.0031547   474.74106027]
20221107-h13m13s49	[5763.99160339    0.00781876   -1.0031547   474.74106027]
20221107-h13m27s06	[5763.99160339    0.00781876   -1.0031547   474.74106027]
20221107-h13m37s13	[5763.99160339    0.00781876   -1.0031547   474.74106027]
20221107-h13m50s03	[5763.99160339    0.00781876   -1.0031547   474.74106027]
20221107-h14m17s38	[5763.99160339    0.00781876   -1.0031547   474.74106027]
20221107-h14m18s02	[5763.99160339    0.00781876   -1.0031547   474.74106027]
20221107-h14m26s23	[5763.99160339    0.00781876   -1.0031547   474.74106027]
20221107-h14m50s20	[5763.99160339    0.00781876   -1.0031547   474.74106027]
20221107-h15m32s56	[5763.99160339    0.00781876   -1.0031547   474.74106027]
20221107-h15m44s33	[5763.99160339    0.00781876   -1.0031547   474.74106027]
20221107-h16m33s44	[5763.99160339    0.00781876   -1.0031547   474.74106027]
20221107-h17m37s05	[5763.99160339    0.00781876   -1.0031547   474.74106027]
20221108-h08m38s09	[5763.99160339    0.00781876   -1.0031547   474.74106027]
20221108-h08m57s23	[5763.99160339    0.00781876   -1.0031547   474.74106027]
20221108-h10m19s49	[5763.99160339    0.00781876   -1.0031547   474.74106027]
20221108-h11m20s10	[5763.99160339    0.00781876   -1.0031547   474.74106027]
20221108-h11m25s52	[5763.99160339    0.00781876   -1.0031547   474.74106027]
20221108-h12m49s26	[5763.99160339    0.00781876   -1.0031547   474.74106027]
20221108-h12m50s46	[5763.99160339    0.00781876   -1.0031547   474.74106027]
20221108-h12m52s35	[5763.99160339    0.00781876   -1.0031547   474.74106027]
20221108-h12m55s09	[5763.99160339    0.00781876   -1.0031547   474.74106027]
20221108-h12m57s14	[5763.99160339    0.00781876   -1.0031547   474.74106027]
20221108-h14m07s00	[5763.99160339    0.00781876   -1.0031547   474.74106027]
20221108-h14m11s28	[5763.99160339    0.00781876   -1.0031547   474.74106027]
20221108-h14m14s20	[5763.99160339    0.00781876   -1.0031547   474.74106027]
20221108-h14m18s34	[5763.99160339    0.00781876   -1.0031547   474.74106027]
20221108-h14m22s55	[5763.99160339    0.00781876   -1.0031547   474.74106027]
20221108-h14m28s09	[5763.99160339    0.00781876   -1.0031547   474.74106027]
20221108-h14m43s59	[5763.99160339    0.00781876   -1.0031547   474.74106027]
20221108-h14m56s01	[5763.99160339    0.00781876   -1.0031547   474.74106027]
20221108-h15m11s23	[5763.99160339    0.00781876   -1.0031547   474.74106027]
20221108-h15m12s25	[5763.99160339    0.00781876   -1.0031547   474.74106027]
20221108-h15m15s23	[5763.99160339    0.00781876   -1.0031547   474.74106027]
20221108-h15m18s07	[5763.99160339    0.00781876   -1.0031547   474.74106027]
20221108-h15m23s33	[5763.99160339    0.00781876   -1.0031547   474.74106027]
20221108-h15m25s46	[5763.99160339    0.00781876   -1.0031547   474.74106027]
20221108-h15m26s30	[5763.99160339    0.00781876   -1.0031547   474.74106027]
20221108-h15m28s59	[5763.99160339    0.00781876   -1.0031547   474.74106027]
20221108-h15m43s10	[5763.99160339    0.00781876   -1.0031547   474.74106027]
20221108-h16m15s09	[5763.99160339    0.00781876   -1.0031547   474.74106027]
20221108-h16m17s06	[5763.99160339    0.00781876   -1.0031547   474.74106027]
20221108-h16m20s17	[5763.99160339    0.00781876   -1.0031547   474.74106027]
20221108-h16m27s46	[5763.99160339    0.00781876   -1.0031547   474.74106027]
20221108-h16m55s04	[5763.99160339    0.00781876   -1.0031547   474.74106027]
20221108-h17m08s27	[5763.99160339    0.00781876   -1.0031547   474.74106027]
20221108-h17m20s12	[5763.99160339    0.00781876   -1.0031547   474.74106027]
20221108-h17m29s48	[5763.99160339    0.00781876   -1.0031547   474.74106027]
20221108-h17m36s01	[5763.99160339    0.00781876   -1.0031547   474.74106027]
20221108-h17m42s58	[5763.99160339    0.00781876   -1.0031547   474.74106027]
20221109-h08m43s02	[5763.99160339    0.00781876   -1.0031547   474.74106027]
20221109-h08m50s44	[5763.99160339    0.00781876   -1.0031547   474.74106027]
20221109-h08m58s12	[5763.99160339    0.00781876   -1.0031547   474.74106027]
20221109-h09m01s55	[5763.99160339    0.00781876   -1.0031547   474.74106027]
20221109-h09m03s38	[5763.99160339    0.00781876   -1.0031547   474.74106027]
20221109-h09m12s33	[5763.99160339    0.00781876   -1.0031547   474.74106027]
20221109-h09m16s01	[5763.99160339    0.00781876   -1.0031547   474.74106027]
20221109-h09m53s50	[5763.99160339    0.00781876   -1.0031547   474.74106027]
20221109-h09m57s17	[5763.99160339    0.00781876   -1.0031547   474.74106027]
20221109-h09m58s46	[5763.99160339    0.00781876   -1.0031547   474.74106027]
20221109-h10m01s40	[5763.99160339    0.00781876   -1.0031547   474.74106027]
20221109-h10m04s59	[5763.99160339    0.00781876   -1.0031547   474.74106027]
20221109-h11m16s17	[5763.99160339    0.00781876   -1.0031547   474.74106027]
20221109-h11m21s29	[5763.99160339    0.00781876   -1.0031547   474.74106027]
20221109-h11m24s55	[5763.99160339    0.00781876   -1.0031547   474.74106027]
20221109-h14m30s39	[5763.99160339    0.00781876   -1.0031547   474.74106027]
20221109-h14m33s03	[5763.99160339    0.00781876   -1.0031547   474.74106027]
20221109-h14m37s40	[5763.99160339    0.00781876   -1.0031547   474.74106027]
20221109-h14m40s37	[5763.99160339    0.00781876   -1.0031547   474.74106027]
20221109-h14m44s12	[5763.99160339    0.00781876   -1.0031547   474.74106027]
20221109-h14m45s53	[5763.99160339    0.00781876   -1.0031547   474.74106027]
20221109-h14m48s41	[5763.99160339    0.00781876   -1.0031547   474.74106027]
20221109-h14m51s15	[5763.99160339    0.00781876   -1.0031547   474.74106027]
20221109-h15m03s06	[5763.99160339    0.00781876   -1.0031547   474.74106027]
20221109-h15m27s41	[5763.99160339    0.00781876   -1.0031547   474.74106027]
20221109-h15m29s42	[5763.99160339    0.00781876   -1.0031547   474.74106027]
20221109-h15m34s57	[5763.99160339    0.00781876   -1.0031547   474.74106027]
20221109-h15m39s34	[5763.99160339    0.00781876   -1.0031547   474.74106027]
20221109-h15m41s15	[5763.99160339    0.00781876   -1.0031547   474.74106027]
20221109-h15m52s01	[5763.99160339    0.00781876   -1.0031547   474.74106027]
20221109-h15m55s35	[5763.99160339    0.00781876   -1.0031547   474.74106027]
20221109-h16m02s36	[5763.99160339    0.00781876   -1.0031547   474.74106027]
20221109-h16m26s09	[5763.99160339    0.00781876   -1.0031547   474.74106027]
20221109-h16m36s40	[5763.99160339    0.00781876   -1.0031547   474.74106027]
20221109-h16m38s57	[5763.99160339    0.00781876   -1.0031547   474.74106027]
20221109-h17m07s34	[5763.99160339    0.00781876   -1.0031547   474.74106027]
20221109-h17m41s09	[5763.99160339    0.00781876   -1.0031547   474.74106027]
20221109-h17m41s49	[5763.99160339    0.00781876   -1.0031547   474.74106027]
20221109-h17m56s29	[5763.99160339    0.00781876   -1.0031547   474.74106027]
20221109-h18m08s07	[5763.99160339    0.00781876   -1.0031547   474.74106027]
20221109-h18m39s26	[5763.99160339    0.00781876   -1.0031547   474.74106027]
20221110-h10m55s51	[5763.99160339    0.00781876   -1.0031547   474.74106027]
20221110-h11m18s08	[5763.99160339    0.00781876   -1.0031547   474.74106027]
20221110-h11m35s01	[5763.99160339    0.00781876   -1.0031547   474.74106027]
20221110-h11m38s13	[5763.99160339    0.00781876   -1.0031547   474.74106027]
20221110-h13m34s25	[5763.99160339    0.00781876   -1.0031547   474.74106027]
20221110-h14m20s03	[5763.99160339    0.00781876   -1.0031547   474.74106027]
20221110-h14m49s05	[5763.99160339    0.00781876   -1.0031547   474.74106027]
20221110-h15m31s52	[5763.99160339    0.00781876   -1.0031547   474.74106027]
20221110-h16m12s49	[5763.99160339    0.00781876   -1.0031547   474.74106027]
20221110-h17m00s10	[5763.99160339    0.00781876   -1.0031547   474.74106027]
20221110-h17m26s58	[5763.99160339    0.00781876   -1.0031547   474.74106027]
20221110-h17m58s57	[5763.99160339    0.00781876   -1.0031547   474.74106027]
20221110-h18m06s30	[5763.99160339    0.00781876   -1.0031547   474.74106027]
20221110-h18m53s54	[5763.99160339    0.00781876   -1.0031547   474.74106027]
20221110-h18m56s22	[5763.99160339    0.00781876   -1.0031547   474.74106027]
20221110-h22m07s41	[5763.99160339    0.00781876   -1.0031547   474.74106027]
20221110-h22m11s12	[5763.99160339    0.00781876   -1.0031547   474.74106027]
20221111-h09m07s16	[5763.99160339    0.00781876   -1.0031547   474.74106027]
20221111-h09m10s25	[5763.99160339    0.00781876   -1.0031547   474.74106027]
20221111-h09m23s29	[5763.99160339    0.00781876   -1.0031547   474.74106027]
20221111-h09m30s43	[5763.99160339    0.00781876   -1.0031547   474.74106027]
20221111-h12m58s04	[5763.99160339    0.00781876   -1.0031547   474.74106027]
20221111-h13m32s18	[5763.99160339    0.00781876   -1.0031547   474.74106027]
20221111-h13m36s30	[5763.99160339    0.00781876   -1.0031547   474.74106027]
20221111-h13m46s54	[5763.99160339    0.00781876   -1.0031547   474.74106027]
20221111-h14m38s26	[5763.99160339    0.00781876   -1.0031547   474.74106027]
20221111-h15m07s31	[5763.99160339    0.00781876   -1.0031547   474.74106027]
20221111-h15m08s30	[5763.99160339    0.00781876   -1.0031547   474.74106027]
20221111-h16m31s25	[5763.99160339    0.00781876   -1.0031547   474.74106027]
20221111-h16m40s32	[5763.99160339    0.00781876   -1.0031547   474.74106027]
20221111-h16m45s58	[5763.99160339    0.00781876   -1.0031547   474.74106027]
20221111-h16m58s24	[5763.99160339    0.00781876   -1.0031547   474.74106027]
20221111-h17m01s58	[5763.99160339    0.00781876   -1.0031547   474.74106027]
20221111-h17m04s48	[5763.99160339    0.00781876   -1.0031547   474.74106027]
20221111-h17m07s05	[5763.99160339    0.00781876   -1.0031547   474.74106027]
20221111-h17m12s26	[5763.99160339    0.00781876   -1.0031547   474.74106027]
20221111-h17m20s07	[5763.99160339    0.00781876   -1.0031547   474.74106027]
20221111-h17m24s58	[5763.99160339    0.00781876   -1.0031547   474.74106027]
20221111-h17m27s34	[5763.99160339    0.00781876   -1.0031547   474.74106027]
20221111-h17m32s03	[5763.99160339    0.00781876   -1.0031547   474.74106027]
20221111-h17m36s02	[5763.99160339    0.00781876   -1.0031547   474.74106027]
20221111-h17m41s14	[5763.99160339    0.00781876   -1.0031547   474.74106027]
20221111-h17m43s12	[5763.99160339    0.00781876   -1.0031547   474.74106027]
20221111-h17m47s17	[5763.99160339    0.00781876   -1.0031547   474.74106027]
20221111-h17m50s09	[5763.99160339    0.00781876   -1.0031547   474.74106027]
20221111-h17m53s34	[5763.99160339    0.00781876   -1.0031547   474.74106027]
20221111-h17m58s58	[5763.99160339    0.00781876   -1.0031547   474.74106027]
20221111-h18m01s55	[5763.99160339    0.00781876   -1.0031547   474.74106027]
20221111-h18m07s57	[5763.99160339    0.00781876   -1.0031547   474.74106027]
20221111-h18m17s19	[5763.99160339    0.00781876   -1.0031547   474.74106027]
20221111-h18m23s14	[5763.99160339    0.00781876   -1.0031547   474.74106027]
20221111-h18m25s54	[5763.99160339    0.00781876   -1.0031547   474.74106027]
20221111-h18m39s40	[5763.99160339    0.00781876   -1.0031547   474.74106027]
20221111-h18m43s24	[5763.99160339    0.00781876   -1.0031547   474.74106027]
20221111-h18m56s12	[5763.99160339    0.00781876   -1.0031547   474.74106027]
20221111-h22m17s51	[5763.99160339    0.00781876   -1.0031547   474.74106027]
20221112-h09m15s23	[5763.99160339    0.00781876   -1.0031547   474.74106027]
20221114-h09m10s18	[5763.99160339    0.00781876   -1.0031547   474.74106027]
20221114-h09m32s09	[5763.99160339    0.00781876   -1.0031547   474.74106027]
20221114-h12m21s39	[5763.99160339    0.00781876   -1.0031547   474.74106027]
20221114-h12m25s57	[5763.99160339    0.00781876   -1.0031547   474.74106027]
20221114-h12m41s53	[5763.99160339    0.00781876   -1.0031547   474.74106027]
20221114-h12m51s13	[5763.99160339    0.00781876   -1.0031547   474.74106027]
20221114-h12m53s13	[5763.99160339    0.00781876   -1.0031547   474.74106027]
20221114-h12m55s05	[5763.99160339    0.00781876   -1.0031547   474.74106027]
20221114-h13m00s32	[5763.99160339    0.00781876   -1.0031547   474.74106027]
20221114-h14m08s40	[5763.99160339    0.00781876   -1.0031547   474.74106027]
20221114-h14m37s01	[5763.99160339    0.00781876   -1.0031547   474.74106027]
20221114-h15m30s00	[5763.99160339    0.00781876   -1.0031547   474.74106027]
20221114-h17m22s48	[5763.99160339    0.00781876   -1.0031547   474.74106027]
20221114-h17m29s23	[5763.99160339    0.00781876   -1.0031547   474.74106027]
20221114-h18m08s57	[5763.99160339    0.00781876   -1.0031547   474.74106027]
20221114-h18m22s40	[5763.99160339    0.00781876   -1.0031547   474.74106027]
