20221006-h18m00s15	[44374.23151893866, 1100.0, 6.645263608191871, 2.300001698234054, 2.2079812228581126, '2022-03-28-09_39_22']
20221006-h18m02s03	[44374.23151893866, 1100.0, 6.645263608191871, 2.300001698234054, 2.2079812228581126, '2022-03-28-09_39_22']
20221006-h18m05s56	[44374.23151893866, 1100.0, 6.645263608191871, 2.300001698234054, 2.2079812228581126, '2022-03-28-09_39_22']
20221006-h18m20s59	[44374.23151893866, 1100.0, 6.645263608191871, 2.300001698234054, 2.2079812228581126, '2022-03-28-09_39_22']
20221012-h16m37s01	[44374.23151893866, 1100.0, 6.645263608191871, 2.300001698234054, 2.2079812228581126, '2022-03-28-09_39_22']
20221012-h16m44s21	[44374.23151893866, 1100.0, 6.645263608191871, 2.300001698234054, 2.2079812228581126, '2022-03-28-09_39_22']
20221012-h16m47s33	[44374.23151893866, 1100.0, 6.645263608191871, 2.300001698234054, 2.2079812228581126, '2022-03-28-09_39_22']
20221012-h17m01s22	[44374.23151893866, 1100.0, 6.645263608191871, 2.300001698234054, 2.2079812228581126, '2022-03-28-09_39_22']
20221012-h17m04s24	[44374.23151893866, 1100.0, 6.645263608191871, 2.300001698234054, 2.2079812228581126, '2022-03-28-09_39_22']
20221012-h17m07s08	[44374.23151893866, 1100.0, 6.645263608191871, 2.300001698234054, 2.2079812228581126, '2022-03-28-09_39_22']
20221012-h17m29s54	[44374.23151893866, 1100.0, 6.645263608191871, 2.300001698234054, 2.2079812228581126, '2022-03-28-09_39_22']
20221012-h17m41s55	[44374.23151893866, 1100.0, 6.645263608191871, 2.300001698234054, 2.2079812228581126, '2022-03-28-09_39_22']
20221012-h17m43s08	[44374.23151893866, 1100.0, 6.645263608191871, 2.300001698234054, 2.2079812228581126, '2022-03-28-09_39_22']
20221012-h17m46s01	[44374.23151893866, 1100.0, 6.645263608191871, 2.300001698234054, 2.2079812228581126, '2022-03-28-09_39_22']
20221012-h17m48s05	[44374.23151893866, 1100.0, 6.645263608191871, 2.300001698234054, 2.2079812228581126, '2022-03-28-09_39_22']
20221012-h19m33s42	[44374.23151893866, 1100.0, 6.645263608191871, 2.300001698234054, 2.2079812228581126, '2022-03-28-09_39_22']
20221012-h19m53s16	[44374.23151893866, 1100.0, 6.645263608191871, 2.300001698234054, 2.2079812228581126, '2022-03-28-09_39_22']
20221012-h20m02s36	[44374.23151893866, 1100.0, 6.645263608191871, 2.300001698234054, 2.2079812228581126, '2022-03-28-09_39_22']
20221012-h20m14s39	[44374.23151893866, 1100.0, 6.645263608191871, 2.300001698234054, 2.2079812228581126, '2022-03-28-09_39_22']
20221012-h20m20s31	[44374.23151893866, 1100.0, 6.645263608191871, 2.300001698234054, 2.2079812228581126, '2022-03-28-09_39_22']
20221012-h20m30s24	[44374.23151893866, 1100.0, 6.645263608191871, 2.300001698234054, 2.2079812228581126, '2022-03-28-09_39_22']
20221012-h20m35s21	[44374.23151893866, 1100.0, 6.645263608191871, 2.300001698234054, 2.2079812228581126, '2022-03-28-09_39_22']
20221012-h20m40s29	[44374.23151893866, 1100.0, 6.645263608191871, 2.300001698234054, 2.2079812228581126, '2022-03-28-09_39_22']
20221012-h20m42s38	[44374.23151893866, 1100.0, 6.645263608191871, 2.300001698234054, 2.2079812228581126, '2022-03-28-09_39_22']
20221012-h20m49s45	[44374.23151893866, 1100.0, 6.645263608191871, 2.300001698234054, 2.2079812228581126, '2022-03-28-09_39_22']
20221012-h20m51s44	[44374.23151893866, 1100.0, 6.645263608191871, 2.300001698234054, 2.2079812228581126, '2022-03-28-09_39_22']
20221012-h21m07s17	[44374.23151893866, 1100.0, 6.645263608191871, 2.300001698234054, 2.2079812228581126, '2022-03-28-09_39_22']
20221012-h21m10s13	[44374.23151893866, 1100.0, 6.645263608191871, 2.300001698234054, 2.2079812228581126, '2022-03-28-09_39_22']
20221013-h15m38s31	[44374.23151893866, 1100.0, 6.645263608191871, 2.300001698234054, 2.2079812228581126, '2022-03-28-09_39_22']
20221013-h15m44s19	[44374.23151893866, 1100.0, 6.645263608191871, 2.300001698234054, 2.2079812228581126, '2022-03-28-09_39_22']
20221013-h16m01s51	[44374.23151893866, 1100.0, 6.645263608191871, 2.300001698234054, 2.2079812228581126, '2022-03-28-09_39_22']
20221013-h16m07s34	[44374.23151893866, 1100.0, 6.645263608191871, 2.300001698234054, 2.2079812228581126, '2022-03-28-09_39_22']
20221013-h16m36s45	[44374.23151893866, 1100.0, 6.645263608191871, 2.300001698234054, 2.2079812228581126, '2022-03-28-09_39_22']
20221013-h16m51s13	[44374.23151893866, 1100.0, 6.645263608191871, 2.300001698234054, 2.2079812228581126, '2022-03-28-09_39_22']
20221013-h16m55s18	[44374.23151893866, 1100.0, 6.645263608191871, 2.300001698234054, 2.2079812228581126, '2022-03-28-09_39_22']
20221013-h17m17s10	[44374.23151893866, 1100.0, 6.645263608191871, 2.300001698234054, 2.2079812228581126, '2022-03-28-09_39_22']
20221013-h17m25s21	[44374.23151893866, 1100.0, 6.645263608191871, 2.300001698234054, 2.2079812228581126, '2022-03-28-09_39_22']
20221013-h17m33s51	[44374.23151893866, 1100.0, 6.645263608191871, 2.300001698234054, 2.2079812228581126, '2022-03-28-09_39_22']
20221013-h17m42s41	[44374.23151893866, 1100.0, 6.645263608191871, 2.300001698234054, 2.2079812228581126, '2022-03-28-09_39_22']
20221014-h17m50s31	[44374.23151893866, 1100.0, 6.645263608191871, 2.300001698234054, 2.2079812228581126, '2022-03-28-09_39_22']
20221014-h17m54s57	[44374.23151893866, 1100.0, 6.645263608191871, 2.300001698234054, 2.2079812228581126, '2022-03-28-09_39_22']
20221014-h17m57s42	[44374.23151893866, 1100.0, 6.645263608191871, 2.300001698234054, 2.2079812228581126, '2022-03-28-09_39_22']
20221014-h18m01s09	[44374.23151893866, 1100.0, 6.645263608191871, 2.300001698234054, 2.2079812228581126, '2022-03-28-09_39_22']
20221014-h18m05s03	[44374.23151893866, 1100.0, 6.645263608191871, 2.300001698234054, 2.2079812228581126, '2022-03-28-09_39_22']
20221014-h18m07s25	[44374.23151893866, 1100.0, 6.645263608191871, 2.300001698234054, 2.2079812228581126, '2022-03-28-09_39_22']
20221014-h18m20s24	[44374.23151893866, 1100.0, 6.645263608191871, 2.300001698234054, 2.2079812228581126, '2022-03-28-09_39_22']
20221014-h18m22s24	[44374.23151893866, 1100.0, 6.645263608191871, 2.300001698234054, 2.2079812228581126, '2022-03-28-09_39_22']
20221014-h18m23s45	[44374.23151893866, 1100.0, 6.645263608191871, 2.300001698234054, 2.2079812228581126, '2022-03-28-09_39_22']
20221014-h18m27s04	[44374.23151893866, 1100.0, 6.645263608191871, 2.300001698234054, 2.2079812228581126, '2022-03-28-09_39_22']
20221014-h18m29s53	[44374.23151893866, 1100.0, 6.645263608191871, 2.300001698234054, 2.2079812228581126, '2022-03-28-09_39_22']
20221014-h18m34s30	[44374.23151893866, 1100.0, 6.645263608191871, 2.300001698234054, 2.2079812228581126, '2022-03-28-09_39_22']
20221014-h18m40s20	[44374.23151893866, 1100.0, 6.645263608191871, 2.300001698234054, 2.2079812228581126, '2022-03-28-09_39_22']
20221014-h18m44s01	[44374.23151893866, 1100.0, 6.645263608191871, 2.300001698234054, 2.2079812228581126, '2022-03-28-09_39_22']
20221014-h18m48s31	[44374.23151893866, 1100.0, 6.645263608191871, 2.300001698234054, 2.2079812228581126, '2022-03-28-09_39_22']
20221014-h18m52s26	[44374.23151893866, 1100.0, 6.645263608191871, 2.300001698234054, 2.2079812228581126, '2022-03-28-09_39_22']
20221014-h18m56s54	[44374.23151893866, 1100.0, 6.645263608191871, 2.300001698234054, 2.2079812228581126, '2022-03-28-09_39_22']
20221014-h18m59s38	[44374.23151893866, 1100.0, 6.645263608191871, 2.300001698234054, 2.2079812228581126, '2022-03-28-09_39_22']
20221017-h10m58s10	[44374.23151893866, 1100.0, 6.645263608191871, 2.300001698234054, 2.2079812228581126, '2022-03-28-09_39_22']
20221021-h09m37s44	[44374.23151893866, 1100.0, 6.645263608191871, 2.300001698234054, 2.2079812228581126, '2022-03-28-09_39_22']
20221021-h09m57s29	[44374.23151893866, 1100.0, 6.645263608191871, 2.300001698234054, 2.2079812228581126, '2022-03-28-09_39_22']
20221021-h10m46s37	[44374.23151893866, 1100.0, 6.645263608191871, 2.300001698234054, 2.2079812228581126, '2022-03-28-09_39_22']
20221021-h10m54s22	[44374.23151893866, 1100.0, 6.645263608191871, 2.300001698234054, 2.2079812228581126, '2022-03-28-09_39_22']
20221021-h11m01s55	[44374.23151893866, 1100.0, 6.645263608191871, 2.300001698234054, 2.2079812228581126, '2022-03-28-09_39_22']
20221021-h11m03s49	[44374.23151893866, 1100.0, 6.645263608191871, 2.300001698234054, 2.2079812228581126, '2022-03-28-09_39_22']
20221021-h12m20s33	[44374.23151893866, 1100.0, 6.645263608191871, 2.300001698234054, 2.2079812228581126, '2022-03-28-09_39_22']
20221021-h12m26s18	[44374.23151893866, 1100.0, 6.645263608191871, 2.300001698234054, 2.2079812228581126, '2022-03-28-09_39_22']
20221021-h12m39s40	[44374.23151893866, 1100.0, 6.645263608191871, 2.300001698234054, 2.2079812228581126, '2022-03-28-09_39_22']
20221021-h12m45s23	[44374.23151893866, 1100.0, 6.645263608191871, 2.300001698234054, 2.2079812228581126, '2022-03-28-09_39_22']
20221021-h12m51s06	[44374.23151893866, 1100.0, 6.645263608191871, 2.300001698234054, 2.2079812228581126, '2022-03-28-09_39_22']
20221021-h16m12s30	[44374.23151893866, 1100.0, 6.645263608191871, 2.300001698234054, 2.2079812228581126, '2022-03-28-09_39_22']
20221021-h16m36s50	[44374.23151893866, 1100.0, 6.645263608191871, 2.300001698234054, 2.2079812228581126, '2022-03-28-09_39_22']
20221021-h16m39s39	[44374.23151893866, 1100.0, 6.645263608191871, 2.300001698234054, 2.2079812228581126, '2022-03-28-09_39_22']
20221021-h19m22s34	[44374.23151893866, 1100.0, 6.645263608191871, 2.300001698234054, 2.2079812228581126, '2022-03-28-09_39_22']
20221025-h17m06s33	[44374.23151893866, 1100.0, 6.645263608191871, 2.300001698234054, 2.2079812228581126, '2022-03-28-09_39_22']
20221028-h13m38s57	[44374.23151893866, 1100.0, 6.645263608191871, 2.300001698234054, 2.2079812228581126, '2022-03-28-09_39_22']
20221028-h16m06s34	[44374.23151893866, 1100.0, 6.645263608191871, 2.300001698234054, 2.2079812228581126, '2022-03-28-09_39_22']
20221028-h16m30s23	[44374.23151893866, 1100.0, 6.645263608191871, 2.300001698234054, 2.2079812228581126, '2022-03-28-09_39_22']
20221028-h16m31s38	[44374.23151893866, 1100.0, 6.645263608191871, 2.300001698234054, 2.2079812228581126, '2022-03-28-09_39_22']
20221028-h16m44s00	[44374.23151893866, 1100.0, 6.645263608191871, 2.300001698234054, 2.2079812228581126, '2022-03-28-09_39_22']
20221028-h16m45s57	[44374.23151893866, 1100.0, 6.645263608191871, 2.300001698234054, 2.2079812228581126, '2022-03-28-09_39_22']
20221028-h16m48s01	[44374.23151893866, 1100.0, 6.645263608191871, 2.300001698234054, 2.2079812228581126, '2022-03-28-09_39_22']
20221028-h16m53s01	[44374.23151893866, 1100.0, 6.645263608191871, 2.300001698234054, 2.2079812228581126, '2022-03-28-09_39_22']
20221028-h16m54s36	[44374.23151893866, 1100.0, 6.645263608191871, 2.300001698234054, 2.2079812228581126, '2022-03-28-09_39_22']
20221028-h16m56s03	[44374.23151893866, 1100.0, 6.645263608191871, 2.300001698234054, 2.2079812228581126, '2022-03-28-09_39_22']
20221028-h16m56s56	[44374.23151893866, 1100.0, 6.645263608191871, 2.300001698234054, 2.2079812228581126, '2022-03-28-09_39_22']
