20150417-h17m04s44	42.0764770386	57.2400481888	16.587828282
20150417-h17m04s51	42.3564770386	56.9600481888	16.987828282
20150417-h17m04s57	42.1913178162	56.7713905508	17.387828282
20150417-h17m05s03	42.2039113825	56.8128904939	17.3514646457
20150417-h17m05s09	42.201119623	56.7997680884	17.3231818174
20150417-h17m05s17	42.2028083324	56.8008333715	17.3272222214
20150417-h17m05s43	42.2962056687	56.8181501107	17.5656060598
20150417-h17m05s49	42.2991065555	56.8405850252	17.58580808
20150417-h17m05s58	42.2959754903	56.8412203507	17.589848484
20150417-h17m07s10	42.2554413905	56.8268964781	17.5049999992
20150417-h17m07s18	42.2553221315	56.8190061934	17.4928787871
20150417-h17m08s44	42.2071724964	56.8233575389	17.4080303022
20150417-h17m08s52	42.2040080935	56.6784370618	16.7979292921
20150417-h17m12s02	42.2040080935	56.6784370618	16.7979292921
20150417-h17m12s45	42.2492789075	56.7426649275	17.1979292921
20150417-h17m12s51	42.2205707753	56.7913248779	17.3716666658
20150417-h17m13s01	42.2146379303	56.806312131	17.4241919184
20150417-h17m13s11	42.2159950978	56.8086442574	17.4282323224
20150417-h17m14s40	42.2114233236	56.8089028806	17.4161111103
20150417-h17m15s44	42.214862598	56.8157275108	17.4282323224
20150417-h17m17s18	42.2145460844	56.8175815764	17.3999494941
20150417-h17m17s50	42.2121449661	56.8195048154	17.4282323224
20150417-h17m25s26	42.2204695512	56.8290729967	17.4565151507
20150418-h19m08s58	42.0136007793	57.2438282086	16.183787878
20150418-h19m09s58	41.9634865563	57.1707718923	16.1231818174
20150418-h19m10s05	41.9726834118	57.1650138596	16.1353030295
20150418-h19m10s36	41.9754570413	57.1630185218	16.1231818174
20150418-h19m11s12	41.9733526351	57.1602199772	16.1514646457
20150418-h19m11s38	41.972575289	57.1627456649	16.1555050497
20150418-h19m12s52	41.9725586201	57.1592750219	16.183787878
20150418-h19m17s06	41.975623478	57.1643574902	16.187828282
20150418-h19m19s52	41.968753434	57.1577741276	16.1999494941
20150418-h19m23s14	41.9723981315	57.1600156304	16.187828282
