20200116-h19m30s39	50.8014280561	46.9557108895	14.0724647627
20200116-h19m31s12	50.7999899663	46.939686992	14.0957713958
20200117-h11m27s52	50.821361341	46.9217353457	14.1376350144
20200122-h13m43s43	50.8227198277	46.920750001	14.21919503
20200122-h14m20s46	50.8846192654	46.9130003643	14.3080751188
20200122-h14m41s03	50.8385890803	46.9054397609	14.24519209
20200122-h14m41s15	50.8319331475	46.9135996024	14.2302471405
20200122-h14m41s25	50.8304221655	46.9143153707	14.2221038591
20200122-h14m45s21	50.8235886661	46.9507511473	14.2866285043
20200122-h14m48s58	50.792002015	47.0389067343	14.0466285043
20200122-h14m49s16	50.8130480314	46.9474983446	14.233299971
20200122-h14m49s27	50.8486563067	46.9878594656	14.2300623387
20200122-h14m49s40	50.8393157463	46.9181248353	14.2660218983
20200122-h14m49s55	50.8391067571	46.9105186256	14.2867173053
20200122-h14m53s43	50.8491246017	46.9238723606	14.2873965121
20200122-h15m19s01	50.8467621317	46.9004403918	14.2565106032
20200122-h15m19s14	50.8478831685	46.9072464136	14.2585290234
20200122-h15m19s43	50.8477852065	46.9036854446	14.2554497926
20200122-h15m20s25	50.8473259432	46.9033220256	14.2517753559
20200122-h15m42s53	50.8473750513	46.8959799785	14.2275375135
20200122-h16m02s59	50.8463174537	46.8872023109	14.2186790249
20200122-h17m16s45	50.8140497145	46.8704250932	14.2173038111
20200122-h17m40s06	50.8067184531	46.87785231	14.2169414075
20200122-h18m19s41	50.801233032	46.8743620162	14.197988418
20200123-h10m29s37	50.8505779132	46.942471405	14.2229510676
20200123-h10m30s01	50.8447191377	46.9425844179	14.2222094602
20200123-h10m30s27	50.8445239474	46.9470928602	14.2270407085
20200123-h10m34s06	50.8462092468	46.945037387	14.2295823339
20200123-h10m48s27	50.8534410688	46.9468605308	14.2152613907
20200123-h11m03s55	50.8582194635	46.9425015395	14.2294815329
20200123-h13m07s30	50.8583604928	46.9555112121	13.9894815329
20200123-h13m47s23	50.8870557155	46.9536763839	14.2294815329
20200123-h13m51s23	50.8499335735	46.9200690311	14.2226822649
20200123-h13m54s55	50.84811151	46.914786369	14.2330143682
20200123-h13m57s32	50.8488455927	46.913089837	14.2297671358
20200123-h14m00s57	50.8493437795	46.9087173734	14.2162382005
20200123-h14m07s49	50.8498575323	46.9201301721	14.2221158592
20200123-h14m08s02	50.8497486359	46.9228622927	14.2142749808
20200123-h14m21s50	50.8469087184	46.9267399502	14.2064629027
20200123-h14m22s03	50.8521114123	46.9233744434	14.2090429285
20200123-h14m23s37	50.8450202154	46.9253208282	14.2055700938
20200123-h14m23s56	50.8478971407	46.9274873237	14.2212350504
20200123-h14m48s22	50.8431226343	46.9431380551	14.1817570557
20200123-h16m55s08	50.8174589531	46.9198137609	14.1543751818
20200123-h16m55s30	50.8190503347	46.9216862301	14.1546703848
20200123-h17m35s20	50.8253171368	46.9156152769	14.1634376725
20200123-h18m29s46	50.8136148514	46.9059264455	14.1539119772
20200123-h18m30s06	50.8136505209	46.9105920787	14.1538471766
20200123-h18m30s39	50.815130175	46.9139869506	14.1496975351
20200123-h19m10s36	50.8065201818	46.9167457999	14.1579848179
20200123-h19m56s06	50.803447823	46.9157880201	14.1375198133
20200124-h12m23s38	50.8411895957	46.8746424839	14.1253396915
20200124-h12m41s30	50.8245645827	46.8747914231	14.1253276914
20200124-h13m01s34	50.8030022428	46.8813734511	14.1267509056
20200124-h13m01s58	50.8046990013	46.8798350803	14.1468175063
20200124-h13m09s46	50.765949577	46.7209432125	14.3868175063
20200124-h13m11s57	50.7606062085	46.7587975364	14.4847552857
20200124-h13m14s47	50.8006328429	46.8462449232	14.2447552857
20200124-h13m15s03	50.7723860202	46.873617614	14.1522271604
20200124-h13m15s18	50.7666701393	46.8874456626	14.1419622577
20200124-h13m30s41	50.7904215001	46.8648514457	14.178982628
20200124-h13m30s52	50.7851100409	46.865807931	14.1788506266
20200124-h13m52s30	50.7647139887	46.8607744165	14.1696321344
20200124-h16m11s14	50.7356811813	46.8591130529	14.1285989241
20200124-h16m11s30	50.7396002772	46.8639067888	14.1084795229
20200127-h09m36s52	50.8489389337	46.9427815725	14.1614792529
20200127-h09m37s09	50.8958294833	46.9562355692	14.1457950961
20200127-h09m37s24	50.8932550449	46.9580413114	14.1601544397
20200127-h09m37s46	50.8920873484	46.9564842772	14.1477247154
20200127-h09m38s26	50.8919607941	46.9575988319	14.1414102523
20200127-h10m56s10	50.8850752129	46.9772077511	14.176587404
20200127-h10m56s29	50.8858723078	46.9694597823	14.1874907131
20200127-h13m32s49	50.8790432908	46.9426470665	14.110884347
20200127-h13m33s02	50.8769111086	46.9558056885	14.0957377955
20200127-h17m34s00	50.8950067338	46.9590011617	14.1103995421
20200127-h17m34s12	50.8923898927	46.9579229594	14.1240388785
20200127-h17m34s26	50.8934780192	46.9557466902	14.1388158263
20200127-h18m44s00	50.8825944867	46.9575609828	14.1060242984
20200127-h18m46s39	50.8861393035	46.9586873904	14.1021194594
20200127-h18m49s03	50.8824649364	46.9638804134	14.1076947152
20200127-h18m51s20	50.8842479474	46.9608852018	14.1193420317
20200127-h18m53s42	50.8821031129	46.9635808915	14.1136515748
20200127-h18m56s04	50.8797535604	46.9604469059	14.1093915322
20200127-h18m58s23	50.8793677401	46.963040571	14.1061923002
20200127-h19m00s43	50.883011416	46.9631178735	14.1117099554
20200127-h19m03s02	50.8765002615	46.9616533473	14.1122499608
20200127-h19m05s21	50.8780082659	46.9620140319	14.1143307816
20200127-h19m07s41	50.8793417429	46.9662969774	14.1216820551
20200127-h19m10s02	50.8768316829	46.9629158283	14.1192364306
20200127-h19m12s21	50.8790543663	46.963558476	14.1172516108
20200127-h19m14s40	50.8767878838	46.9630134176	14.1224092624
20200127-h19m17s00	50.8767747503	46.9637832838	14.1214852532
20200127-h19m19s19	50.8767610701	46.9628754625	14.1294749331
20200127-h19m21s42	50.8721900839	46.9631151208	14.1293957323
20200127-h19m24s05	50.8767874977	46.9628473672	14.1292157305
20200127-h19m26s29	50.8762845683	46.9613818345	14.1215764541
20200127-h19m28s52	50.8746152856	46.9667575613	14.1191308296
20200127-h19m31s15	50.8760489326	46.9642838366	14.1257188955
20200127-h19m33s39	50.8752463809	46.9637916277	14.1202444408
20200127-h19m36s04	50.8717896471	46.966524428	14.1110835492
20200127-h19m38s29	50.8741901049	46.9627735173	14.1234556729
20200127-h19m40s55	50.8728946382	46.9625711657	14.1318149565
20200127-h19m43s21	50.8712478415	46.9657647687	14.1183292216
20200127-h19m45s47	50.8721917607	46.9611565228	14.1285989243
20200127-h19m48s13	50.8733241575	46.9611921028	14.1214780531
20200127-h19m50s39	50.8721595075	46.9644636188	14.118365222
20200127-h19m53s06	50.8725189692	46.9633195258	14.1233740721
20200127-h19m55s33	50.8693770199	46.9620699562	14.1222724611
20200127-h19m57s59	50.8712301715	46.9627663651	14.1143547819
20200127-h20m00s25	50.8711535244	46.9641402535	14.1216820552
20200127-h20m02s51	50.8722999633	46.9663313538	14.101663455
20200127-h20m05s16	50.8704489731	46.9638043208	14.1277685161
20200127-h20m07s40	50.8707821659	46.9614060372	14.1278525169
20200127-h20m10s05	50.8720213728	46.9625684613	14.1236932753
20200127-h20m12s31	50.8698194585	46.9618332742	14.1147195856
20200127-h20m14s58	50.8715713863	46.9649144767	14.0951089895
20200127-h20m17s25	50.8707547592	46.9651052167	14.1129339677
20200127-h20m19s51	50.871786515	46.9633955336	14.1421782601
20200127-h20m22s17	50.868444	46.960356893	14.1160107984
20200127-h20m24s44	50.8701285627	46.9670034864	14.1146019843
20200127-h20m27s06	50.8743800344	46.9620291989	14.0998154364
20200127-h20m29s31	50.8685888801	46.9673855908	14.1005426437
20200127-h20m31s55	50.8732491141	46.9612271797	14.1184396227
20200127-h20m34s18	50.8721397863	46.9620147165	14.1303797421
20200127-h20m36s41	50.870531554	46.9600891326	14.1120363587
20200127-h20m39s00	50.8681033474	46.9637371145	14.1065571039
20200127-h20m41s20	50.8705368393	46.9620213448	14.1095595339
20200127-h20m43s41	50.8699487215	46.9590357656	14.1282821211
20200127-h20m46s02	50.8702749748	46.9598575267	14.1132123704
20200127-h20m48s22	50.8687320945	46.9618400051	14.1255268935
20200127-h20m50s42	50.868089706	46.9582609813	14.1209356476
20200127-h20m53s01	50.8679576643	46.9608537217	14.1169204074
20200127-h20m55s20	50.8691989625	46.9640358859	14.1135387736
20200127-h20m57s39	50.8682301701	46.9621735737	14.12118285
20200127-h20m59s59	50.8669484602	46.9610573183	14.1197884361
20200127-h21m02s17	50.8644581223	46.9608724786	14.1208084463
20200127-h21m04s37	50.8632943108	46.9617864479	14.1098859371
20200127-h21m06s58	50.8647928854	46.9590643032	14.1069171074
20200127-h21m09s18	50.8667502061	46.9633366243	14.1102891411
20200127-h21m11s39	50.8650504096	46.9620075425	14.1225316635
20200127-h21m13s59	50.8673340721	46.9638745176	14.1239116773
20200127-h21m16s22	50.8650148398	46.9612746205	14.1195220334
20200127-h21m18s43	50.8660208127	46.9605156442	14.1141387796
20200127-h21m21s05	50.8642564296	46.9608255176	14.1108723469
20200127-h21m23s27	50.8635814732	46.9624493082	14.103684275
20200127-h21m25s50	50.8651722969	46.9605062074	14.1096051342
20200127-h21m28s13	50.8626158832	46.9621109098	14.1103467416
20200127-h21m30s36	50.863353927	46.9617508782	14.1159027972
20200127-h21m32s59	50.8641811436	46.9633378049	14.114378782
20200127-h21m35s21	50.8640191518	46.964090559	14.1078003162
20200127-h21m37s45	50.8625293199	46.9646527542	14.1112587508
20200127-h21m40s05	50.8622954748	46.9618787013	14.1166468047
20200127-h21m42s28	50.8658588069	46.9629795943	14.1083259215
20200127-h21m44s50	50.8626085417	46.9624470266	14.1065283035
20200127-h21m47s13	50.8640224569	46.9643046883	14.118674825
20200127-h21m49s35	50.8630001909	46.9610002004	14.1098979372
20200127-h21m51s57	50.8622354025	46.9633495038	14.1208300465
20200127-h21m54s19	50.8638319751	46.962105879	14.1075075133
20200127-h21m56s41	50.8643989452	46.9651033978	14.1103227415
20200127-h21m59s04	50.8612848508	46.9637788484	14.1044594829
20200127-h22m01s26	50.8647221871	46.9615174634	14.1101643399
20200127-h22m03s46	50.861153718	46.9630685894	14.1203332416
20200127-h22m06s05	50.8642372308	46.9608245686	14.1305501438
20200127-h22m08s24	50.8610757476	46.9606383972	14.1279077174
20200127-h22m10s45	50.8619348955	46.9601798561	14.1080763191
20200127-h22m13s05	50.863484685	46.9664024286	14.101363452
20200127-h22m15s26	50.8640852672	46.9610410719	14.1070395088
20200127-h22m17s47	50.8642467792	46.9612920096	14.1077859163
20200127-h22m20s07	50.8635366563	46.9620154335	14.1180076185
20200127-h22m22s28	50.8631188569	46.9592115928	14.1174628131
20200127-h22m24s49	50.8643390064	46.9606563754	14.1073803123
20200127-h22m27s09	50.8658619493	46.9628814979	14.1165652041
20200127-h22m29s29	50.8620623527	46.9602705276	14.1202492409
20200127-h22m31s48	50.8630291642	46.9624528085	14.1148179866
20200127-h22m34s08	50.8612392029	46.9596251482	14.1321245597
20200127-h22m36s29	50.8634895041	46.9611927649	14.1182068205
20200127-h22m38s48	50.862668209	46.9649135323	14.1095883343
20200127-h22m41s08	50.8621892183	46.9614313033	14.1096915353
20200127-h22m43s28	50.865285061	46.9641003401	14.111061949
20200127-h22m45s49	50.8630992394	46.9621487156	14.1099987384
20200127-h22m48s11	50.8630675401	46.9622416512	14.1257788962
20200127-h22m50s33	50.8614912913	46.9604478347	14.1072243107
20200127-h22m52s54	50.8640117839	46.9645820896	14.1235660741
20200127-h22m55s17	50.8637629823	46.9576237449	14.122051659
20200127-h22m57s39	50.865536238	46.9603660558	14.1194380329
20200127-h23m00s00	50.8627150742	46.9631403489	14.1193684322
20200127-h23m02s22	50.8651283915	46.9614959924	14.1169660082
20200127-h23m04s44	50.8635724404	46.963753471	14.1057554961
20200127-h23m07s06	50.8655698341	46.9640816158	14.1099867384
20200127-h23m09s29	50.8642059204	46.9612873738	14.1200836394
20200127-h23m11s53	50.860738009	46.9587888579	14.1196924355
20200127-h23m14s14	50.8633201136	46.9594953599	14.1153843924
20200127-h23m16s36	50.8644863055	46.9611090789	14.1083979225
20200127-h23m18s59	50.8651042941	46.9620625658	14.1128883674
20200127-h23m21s21	50.8657666139	46.9652785999	14.1141339799
20200127-h23m23s44	50.865320399	46.9609321019	14.1186676252
20200127-h23m26s07	50.8664706526	46.9616913821	14.1139131777
20200127-h23m28s28	50.8657046388	46.9627169802	14.1012962515
20200127-h23m30s50	50.8677127907	46.9626796712	14.1185644242
20200127-h23m33s12	50.8657135304	46.9622131583	14.1044690832
20200127-h23m35s36	50.8662667749	46.9607643825	14.1034826733
20200127-h23m37s54	50.8682944331	46.9592250861	14.0984930234
20200127-h23m40s15	50.8674090093	46.9631767546	14.1135435739
20200127-h23m42s36	50.8650163832	46.9643004433	14.1125235637
20200127-h23m44s56	50.8630849026	46.9638812817	14.1141099796
20200127-h23m47s16	50.8646905632	46.9648598139	14.1112851514
20200127-h23m49s37	50.8659250403	46.9621512532	14.1104379429
20200127-h23m51s57	50.8673146747	46.9615937957	14.1114579531
20200127-h23m54s19	50.8628903049	46.9636110723	14.1085131237
20200127-h23m56s40	50.8651563618	46.9656941026	14.1119907585
20200127-h23m59s02	50.8655831092	46.9637849001	14.1141531801
20200128-h00m01s22	50.8646814888	46.9621443946	14.104843487
20200128-h00m03s41	50.8666942149	46.9622459871	14.109242731
20200128-h00m06s01	50.8642569521	46.9638130655	14.1120627592
20200128-h00m08s21	50.8673165202	46.9607519823	14.1143067816
20200128-h00m10s42	50.8658885903	46.9644844247	14.1096099346
20200128-h00m13s02	50.8651501262	46.9624207764	14.1170332088
20200128-h00m15s23	50.8624905785	46.9626645432	14.1066243047
20200128-h00m17s43	50.865556786	46.9627639189	14.1099195377
20200128-h00m20s03	50.8690487909	46.9657904818	14.0925361639
20200128-h00m22s23	50.8677072321	46.9656458191	14.1066699052
20200128-h00m24s44	50.8690276364	46.9629286059	14.1091059296
20200128-h00m27s07	50.8654444171	46.9624189012	14.1161644002
20200128-h00m29s30	50.8651538768	46.9619137144	14.1149955885
20200128-h00m31s51	50.8671286201	46.9626561648	14.1094683332
20200128-h00m34s12	50.8673519477	46.9633610872	14.1007250458
20200128-h00m36s34	50.8657969616	46.9623884406	14.1137883764
20200128-h00m38s57	50.8667383227	46.9629007669	14.0975570141
20200128-h00m41s21	50.8677176478	46.9632605293	14.1003962425
20200128-h00m43s44	50.8682524186	46.9628094419	14.1025154637
20200128-h00m46s07	50.8682708393	46.9626864519	14.1133755723
20200128-h00m48s31	50.8666221461	46.9633720173	14.1177700162
20200128-h00m50s54	50.8680577631	46.9615829277	14.1116043545
20200128-h00m53s16	50.8681922962	46.9624133823	14.1113955524
20200128-h00m55s39	50.8695875748	46.9628109489	14.113260371
20200128-h00m58s01	50.8640692827	46.9657843328	14.1123699621
20200128-h01m00s23	50.8659746527	46.9625522103	14.0959177976
20200128-h01m02s47	50.8703045836	46.9656540331	14.1110067485
20200128-h01m05s07	50.867795922	46.9639387271	14.1023018615
20200128-h01m07s30	50.8675447088	46.9634981055	14.1076131146
20200128-h01m09s52	50.8693290126	46.9656997754	14.1138699772
20200128-h01m12s14	50.8672713185	46.9624172142	14.1042050806
20200128-h01m14s34	50.8693313164	46.9626901537	14.1120315589
20200128-h01m16s54	50.8681517098	46.9636970733	14.1095859344
20200128-h01m19s14	50.8703041949	46.9635885263	14.1003962425
20200128-h01m21s35	50.8682339971	46.9638027482	14.1122979615
20200128-h01m23s56	50.8690840895	46.9628649278	14.09715141
20200128-h01m26s16	50.8709665315	46.9652563882	14.1120579591
20200128-h01m28s37	50.8686073444	46.9616429344	14.0974874134
20200128-h01m30s57	50.8729823098	46.9639884388	14.1068643072
20200128-h01m33s17	50.8698029215	46.9647860544	14.1030650692
20200128-h01m35s39	50.8677957154	46.9631132446	14.1082755213
20200128-h01m37s58	50.86687832	46.9609152033	14.1160539991
20200128-h01m40s18	50.8706394018	46.9654434275	14.1032162707
20200128-h01m42s40	50.8676600179	46.9623169317	14.1043610821
20200128-h01m45s00	50.8700939602	46.9651650456	14.0983010215
20200128-h01m47s21	50.8695329414	46.963069034	14.1078219167
20200128-h01m49s41	50.8699031383	46.9661701059	14.0865697042
20200128-h01m52s01	50.8706828616	46.9680840817	14.1007994465
20200128-h01m54s21	50.8673430917	46.965517549	14.1111699502
20200128-h01m56s42	50.8728546499	46.9656984215	14.1048890874
20200128-h01m59s03	50.8696869675	46.964885112	14.1013058516
20200128-h02m01s26	50.8726627929	46.9634631432	14.1163036016
20200128-h02m03s49	50.8707003709	46.9625268161	14.1013682522
20200128-h02m06s12	50.8707458849	46.9677067937	14.1015770543
20200128-h02m08s34	50.8722823232	46.9674831523	14.0953249918
20200128-h02m10s57	50.8716870286	46.9670453417	14.0997194357
20200128-h02m13s21	50.8734446556	46.9664464246	14.1032690712
20200128-h02m15s43	50.8722053808	46.9635410107	14.1095787343
20200128-h02m18s07	50.8742771895	46.9621428566	14.1000578391
20200128-h02m20s30	50.8742303806	46.9660259325	14.1060890994
20200128-h02m22s54	50.8735989168	46.9663620891	14.1000818393
20200128-h02m25s16	50.8710017278	46.9682880642	14.1005018435
20200128-h02m27s38	50.8744591204	46.969951728	14.1160995995
20200128-h02m30s01	50.8745294285	46.9657681547	14.1117339558
20200128-h02m32s24	50.8750832826	46.9675801094	14.1030866693
20200128-h02m34s48	50.8752368883	46.9676130296	14.1139275777
20200128-h02m37s11	50.8715431007	46.9635652304	14.1116643551
20200128-h02m39s34	50.875317288	46.9647705106	14.1175324138
20200128-h02m41s56	50.8752744664	46.9625361687	14.1046994855
20200128-h02m44s19	50.8754463217	46.9655548479	14.1137883764
20200128-h02m46s43	50.8730670346	46.9657921978	14.1052130906
20200128-h02m49s04	50.8769229325	46.9658360645	14.0966666051
20200128-h02m51s24	50.8761823589	46.9663298972	14.1150291887
20200128-h02m53s45	50.8767130262	46.9622364991	14.1090027284
20200128-h02m56s08	50.8747773509	46.9615347038	14.1041186796
20200128-h02m58s29	50.8793021293	46.962222924	14.1011450499
20200128-h03m00s51	50.8795563402	46.963894414	14.0875969144
20200128-h03m03s13	50.8787236449	46.9701043993	14.1005066435
20200128-h03m05s34	50.8805062963	46.9643624686	14.1165412038
20200128-h03m07s55	50.8788900903	46.9600622733	14.1129339677
20200128-h03m10s15	50.8815832066	46.9611586376	14.1057986963
20200128-h03m12s37	50.8782567266	46.9613508737	14.1039098774
20200128-h03m15s00	50.8820738152	46.9644327764	14.104267481
20200128-h03m17s21	50.8842325534	46.9608125194	14.1145803841
20200128-h03m19s42	50.8839775423	46.9616061047	14.1006818451
20200128-h03m22s02	50.8825111353	46.9613315716	14.1109899482
20200128-h03m24s22	50.8808640537	46.9619929182	14.1058850972
20200128-h03m26s42	50.8856854664	46.9613301127	14.107769116
20200128-h03m29s04	50.8820486926	46.9606937709	14.098070619
20200128-h03m31s26	50.8842815334	46.9604813155	14.0823144614
20200128-h03m33s49	50.8845251381	46.9669312255	14.1079011173
20200128-h03m36s10	50.8796766533	46.9600385231	14.1191836301
20200128-h03m38s32	50.881195993	46.9607554297	14.1083043213
20200128-h03m40s55	50.8819168939	46.9643644798	14.1090987292
20200128-h03m43s18	50.8848591178	46.9611281371	14.1076899151
20200128-h03m45s39	50.881401555	46.9621502676	14.1022682609
20200128-h03m48s01	50.8827904522	46.9607231638	14.1073059113
20200128-h03m50s24	50.879812163	46.9622330149	14.0913001512
20200128-h03m52s48	50.8800549398	46.9668955627	14.0967506057
20200128-h03m55s11	50.8832613298	46.9653343692	14.1045482837
20200128-h03m57s36	50.8826710561	46.9635175016	14.1082899211
20200128-h04m00s00	50.8798449799	46.963144942	14.1011306495
20200128-h04m02s22	50.8823108685	46.9623611687	14.1053234914
20200128-h04m04s46	50.882660938	46.9633146747	14.1034394726
20200128-h04m07s07	50.8847414853	46.9629314802	14.1120531587
20200128-h04m09s30	50.8778049813	46.9613940863	14.1160395986
20200128-h04m11s53	50.8833496133	46.9625093954	14.1089907281
20200128-h04m14s17	50.8829853639	46.962691141	14.0972666109
20200128-h04m16s40	50.8811781169	46.9621333643	14.1029570678
20200128-h04m19s04	50.8833579918	46.9625556037	14.1020426587
20200128-h04m21s30	50.882653594	46.9621968878	14.0944945832
20200128-h04m23s57	50.8816190868	46.9653964559	14.0966618049
20200128-h04m26s18	50.8821186796	46.9635142632	14.1019778581
20200128-h04m28s41	50.8836729255	46.9650850857	14.1037418757
20200128-h04m31s04	50.8829855534	46.9608657053	14.106571504
20200128-h04m33s24	50.883233175	46.9640976324	14.0993306316
20200128-h04m38s42	50.8831017731	46.964117398	14.1156867952
20200128-h04m41s01	50.8839370309	46.9625999345	14.1095787341
20200128-h04m43s20	50.8848975745	46.9649895325	14.0984306226
20200128-h04m45s44	50.8842671487	46.9644196811	14.1071451097
20200128-h04m48s06	50.8826628782	46.9647383111	14.1112131504
20200128-h04m50s25	50.8822510737	46.9641825045	14.1108507468
20200128-h04m52s46	50.8863473076	46.9659704254	14.0981186195
20200128-h04m55s05	50.8834689669	46.9644339551	14.1116811551
20200128-h04m57s25	50.8827110232	46.9611129521	14.1045458837
20200128-h04m59s45	50.8810491731	46.9641888743	14.1067035053
20200128-h05m02s04	50.8826184201	46.962332969	14.0965106034
20200128-h05m04s23	50.8826348378	46.9655855799	14.1001082394
20200128-h05m06s43	50.8822080408	46.9637720384	14.0996306346
20200128-h05m09s04	50.8842581019	46.9665695	14.1195580339
20200128-h05m11s24	50.8825442394	46.9615570077	14.1013346517
20200128-h05m13s44	50.8847719146	46.9649758563	14.108661925
20200128-h05m16s04	50.8835605019	46.965980125	14.1010322487
20200128-h05m18s24	50.8822239328	46.9667628287	14.0959033974
20200128-h05m20s44	50.8822321854	46.9645834196	14.1016178545
20200128-h05m23s05	50.8833043948	46.963117629	14.1125259636
20200128-h05m25s24	50.8841900012	46.9624386657	14.1091827302
20200128-h05m27s45	50.8830417093	46.9622807774	14.1078747171
20200128-h05m30s06	50.8838978666	46.9660606052	14.1018338567
20200128-h05m32s25	50.8845140043	46.9629289883	14.106261901
20200128-h05m34s45	50.8839110032	46.9672104047	14.1078819172
20200128-h05m37s05	50.8798666396	46.9678696793	14.0983802222
20200128-h05m39s29	50.8831362427	46.9670944293	14.1024050624
20200128-h05m41s48	50.8833897475	46.9665247026	14.1025514639
20200128-h05m44s08	50.8826267597	46.9653923023	14.1008882473
20200128-h05m46s29	50.883677299	46.9687029797	14.08315927
20200128-h05m48s50	50.8824297853	46.9700853596	14.0919937583
20200128-h05m51s10	50.8845062432	46.9700881215	14.0915065534
20200128-h05m53s32	50.8834164814	46.9675881273	14.1116163545
20200128-h05m55s54	50.8816168522	46.9666420208	14.1072843112
20200128-h05m58s16	50.8793885801	46.9653524525	14.1026834652
20200128-h06m00s37	50.8803752636	46.9673591862	14.1067467058
20200128-h06m03s00	50.8823402059	46.9673126453	14.0980946193
20200128-h06m05s21	50.8847303249	46.9701743417	14.0985530239
20200128-h06m07s43	50.8820589082	46.9662428855	14.0954209926
20200128-h06m10s05	50.8810405538	46.9654158815	14.0956297947
20200128-h06m12s27	50.8823607283	46.9672694466	14.0962034004
20200128-h06m14s48	50.8809493786	46.9667414725	14.0974250126
20200128-h06m17s10	50.8845803778	46.9668720458	14.105366692
20200128-h06m19s31	50.8808723271	46.9681682804	14.0889193275
20200128-h06m21s52	50.8840487972	46.9691578662	14.0995442337
20200128-h06m24s13	50.883968616	46.9691147806	14.0968394067
20200128-h06m26s35	50.8820576883	46.9660744308	14.1024962633
20200128-h06m28s57	50.8834412358	46.9694100781	14.107663515
20200128-h06m31s19	50.884551819	46.9651604708	14.1020354587
20200128-h06m33s40	50.8824287549	46.9701742253	14.098068219
20200128-h06m36s00	50.881037017	46.9694418186	14.1046418847
20200128-h06m38s22	50.8803749054	46.9673118427	14.1200620389
20200128-h06m40s44	50.8827295384	46.9616944258	14.1040658789
20200128-h06m43s07	50.8847619309	46.9676528149	14.0935609739
20200128-h06m45s28	50.8826097548	46.9679492534	14.1089475278
20200128-h06m47s49	50.8799688763	46.9644239191	14.1075195135
20200128-h06m50s11	50.8834092787	46.965460697	14.1002354407
20200128-h06m52s33	50.8852603377	46.9681594845	14.1009242476
20200128-h06m54s54	50.8814432875	46.9686775747	14.0868097065
20200128-h06m57s14	50.8803102969	46.9695065509	14.1073275117
20200128-h06m59s36	50.8844894709	46.9666198802	14.1006818452
20200128-h07m01s57	50.8823818269	46.9652527816	14.0976074145
20200128-h07m04s20	50.8859284342	46.9678215792	14.1084771232
20200128-h07m06s42	50.8824295855	46.967476279	14.0926729652
20200128-h07m09s03	50.8839820317	46.9692066446	14.1007826463
20200128-h07m11s26	50.8857413418	46.9697445583	14.0907145456
20200128-h07m13s48	50.8850364579	46.9703728522	14.0955361938
20200128-h07m16s09	50.8855905848	46.9683587098	14.107961118
20200128-h07m18s31	50.8874326696	46.9659116494	14.1031058694
20200128-h07m20s53	50.8841315692	46.9648112907	14.0931433698
20200128-h07m23s14	50.8850427473	46.9703036445	14.0979794182
20200128-h07m25s36	50.8859845074	46.9650421272	14.1022682611
20200128-h07m27s58	50.8853691765	46.9670937802	14.0937025754
20200128-h07m30s19	50.8871055353	46.971075913	14.0937193756
20200128-h07m32s41	50.8855877053	46.9700300057	14.1006194446
20200128-h07m35s00	50.888132878	46.9692504512	14.0991530299
20200128-h07m37s21	50.8856021464	46.9687287631	14.1045986844
20200128-h07m39s45	50.8862666736	46.9668763027	14.0879353178
20200128-h07m42s08	50.8820217001	46.9698783854	14.0959201976
20200128-h07m44s30	50.8860986041	46.9678394207	14.0952409908
20200128-h07m46s51	50.8857890106	46.9663854771	14.1030002684
20200128-h07m49s13	50.8873541113	46.9676418363	14.1019994584
20200128-h07m51s35	50.8838632667	46.9676621803	14.0899729381
20200128-h07m53s56	50.8856998212	46.9690181216	14.0927161655
20200128-h07m56s17	50.8869281336	46.969010735	14.0969474078
20200128-h07m58s38	50.8863344423	46.9662806133	14.1038810771
20200128-h08m01s02	50.8861495012	46.9651120099	14.0993810321
20200128-h08m03s24	50.8886784076	46.9685996676	14.1107307456
20200128-h08m05s44	50.8866340884	46.966088233	14.0965826041
20200128-h08m08s07	50.8864766577	46.968599365	14.0868169064
20200128-h08m10s28	50.886945156	46.9698135475	14.0921857601
20200128-h08m12s50	50.8874969861	46.9682642384	14.1104091423
20200128-h08m15s12	50.8854488105	46.964095681	14.1000098383
20200128-h08m17s33	50.8871115704	46.9669404286	14.1022634608
20200128-h08m19s56	50.8865712342	46.9673813225	14.1070563087
20200128-h08m22s17	50.8885880521	46.9641881164	14.0921113593
20200128-h08m24s39	50.886811449	46.9719816094	14.0958529967
20200128-h08m27s02	50.8878052697	46.9672108207	14.1087483257
20200128-h08m29s24	50.8872784913	46.964017663	14.1064131023
20200128-h08m31s46	50.892155595	46.9664046421	14.1029162673
20200128-h08m34s07	50.8881521763	46.9697841609	14.1040130783
20200128-h08m36s29	50.8845585302	46.9653333085	14.0984474226
20200128-h08m38s51	50.8890359311	46.9679609941	14.1090675288
20200128-h08m41s13	50.8899451517	46.9668346028	14.1014090522
20200128-h08m43s35	50.8887541631	46.964838624	14.1014450526
20200128-h08m45s56	50.8931176565	46.966951011	14.0852328905
20200128-h08m48s18	50.8883241042	46.9680962175	14.0983538217
20200128-h08m50s40	50.8913027675	46.9660308208	14.1053402916
20200128-h08m53s02	50.890549553	46.964604046	14.1070467087
20200128-h08m55s24	50.8898610402	46.9654726067	14.1020714589
20200128-h08m57s46	50.8896326662	46.9641820428	14.1003266415
20200128-h09m00s10	50.8902761545	46.9648609553	14.0956441947
20200128-h09m02s37	50.8927298016	46.96252059	14.0891425297
20200128-h09m04s58	50.8917228022	46.9644278409	14.1034826731
20200128-h09m07s20	50.8941505554	46.9622191359	14.0991506298
20200128-h09m09s42	50.8922053574	46.9654671706	14.103866677
20200128-h09m12s03	50.8958392545	46.9648785596	14.0949601879
20200128-h09m14s29	50.8938201163	46.9611292849	14.1031130694
20200128-h09m16s51	50.8974471625	46.9623071724	14.097969818
20200128-h09m19s11	50.8953391516	46.96279245	14.0979578179
20200128-h09m21s35	50.8939250118	46.9614906772	14.101070649
20200128-h09m24s00	50.8981341327	46.959089347	14.0994650329
20200128-h09m26s19	50.8965553017	46.9626273841	14.1006914452
20200128-h09m28s39	50.8951902527	46.9589606777	14.0989274276
20200128-h09m30s59	50.8965366632	46.959441968	14.132971768
20200128-h09m33s21	50.895055266	46.954309203	14.0860200985
20200128-h09m35s41	50.8976657069	46.9591590709	14.0935969743
20200128-h09m38s06	50.8991091045	46.9557276226	14.0980202185
20200128-h09m40s28	50.8996375524	46.9567734312	14.0949169875
20200128-h09m42s48	50.9005654515	46.9563651589	14.0913433518
20200128-h09m45s09	50.8991727542	46.9545466177	14.0904961433
20200128-h09m47s28	50.898916555	46.9534617911	14.0956873952
20200128-h09m49s46	50.9023702495	46.9537650836	14.1082179205
20200128-h09m52s04	50.9020096455	46.953983737	14.0862265006
20200128-h09m54s22	50.9008511791	46.953718462	14.0890321287
20200128-h09m56s40	50.8985448356	46.9511303699	14.1127995664
20200128-h09m58s59	50.9016102266	46.9510036772	14.0978498169
20200128-h10m01s17	50.9014491946	46.9527857362	14.1055226936
20200128-h10m03s35	50.9020367473	46.948517244	14.0906401448
20200128-h10m05s55	50.9010925829	46.9522079538	14.1021242596
20200128-h10m08s14	50.9001572363	46.9481828319	14.0949409878
20200128-h10m10s33	50.9015988404	46.9462105443	14.0813784522
20200128-h10m12s53	50.9018107159	46.9490602774	14.0860224986
20200128-h10m15s10	50.9018820231	46.9502510545	14.0820072584
20200128-h10m17s29	50.899277267	46.948532869	14.0942257806
20200128-h10m19s49	50.899905081	46.9467376266	14.0878057164
20200128-h10m22s09	50.8999952095	46.9466056227	14.0858208966
20200128-h10m24s32	50.8998942325	46.9453552705	14.0906953453
20200128-h10m26s51	50.8980045072	46.9452994332	14.0877121155
20200128-h10m29s10	50.9005946664	46.9436470077	14.0973194116
20200128-h10m31s31	50.897424383	46.9448492322	14.0922529609
20200128-h10m33s50	50.9016571681	46.9456224412	14.0965562039
20200128-h10m36s08	50.8953461514	46.9431102503	14.0902993413
20200128-h10m38s26	50.8973509754	46.9429831242	14.0758151965
20200128-h10m40s42	50.8991508441	46.9451032046	14.0979890182
20200128-h10m43s01	50.8993337435	46.9431264143	14.0972522108
20200128-h10m45s23	50.8960592719	46.9400613707	14.0878369166
20200128-h10m47s41	50.8943744522	46.942680188	14.090080939
20200128-h10m50s00	50.895025634	46.944321053	14.0801904401
20200128-h10m52s19	50.8940188401	46.9422632449	14.0847336855
20200128-h10m54s39	50.8925111089	46.9419697895	14.0866897051
20200128-h10m56s57	50.8918512505	46.9447336922	14.0975402136
20200128-h10m59s20	50.8913921897	46.9417038392	14.0830320685
20200128-h11m01s43	50.886543647	46.9475576529	14.0983754219
20200128-h11m04s01	50.8888190404	46.9418716472	14.0762976011
20200128-h11m06s22	50.8853158061	46.9471435998	14.0715959541
20200128-h11m08s41	50.8838090848	46.9486014175	14.0813376515
20200128-h11m10s59	50.8847693573	46.9463257642	14.0955817939
20200128-h11m13s17	50.8826394341	46.9474192888	14.0928433665
20200128-h11m15s35	50.8801309462	46.947696343	14.1096843349
20200128-h11m17s54	50.8814442729	46.9473820152	14.0917681557
20200128-h11m20s12	50.8773030342	46.9498228889	14.0760503985
20200128-h11m22s29	50.8775710847	46.9500351723	14.0910097481
20200128-h11m24s47	50.8744643295	46.9512880242	14.0913433514
20200128-h11m27s07	50.8776015395	46.9525877477	14.0825904639
20200128-h11m29s25	50.8742553962	46.9530912676	14.0840280783
20200128-h11m31s43	50.8717330821	46.9515798942	14.0935393734
20200128-h11m34s00	50.8721803552	46.9510243278	14.0953513915
20200128-h11m36s18	50.8693333178	46.9497446088	14.100504243
20200128-h11m38s37	50.8672581241	46.9503596863	14.1005354433
20200128-h11m40s55	50.8668861845	46.9512548245	14.0820912589
20200128-h11m43s14	50.8644945846	46.956608001	14.0924809628
20200128-h11m45s33	50.8650999692	46.9549074124	14.1088515265
20200128-h11m47s51	50.8595291314	46.9506706854	14.0916121541
20200128-h11m50s09	50.8635256159	46.9534779579	14.097705815
20200128-h11m52s30	50.863811355	46.9510624588	14.0993594315
20200128-h11m54s50	50.8618663373	46.9503777411	14.0941201791
20200128-h11m57s10	50.85915776	46.9550618777	14.0907769457
20200128-h11m59s31	50.8616046015	46.9553736155	14.0901409393
20200128-h12m01s52	50.8576568774	46.9535123948	14.0958889968
20200128-h12m04s15	50.8617840709	46.9517796819	14.1033602715
20200128-h12m06s42	50.8611137718	46.9516740919	14.10320907
20200128-h12m09s10	50.8585076359	46.9533602943	14.0956705946
20200128-h12m11s40	50.8591370346	46.953557622	14.1049370873
20200128-h12m14s11	50.8592742701	46.9524374386	14.0997170351
20200128-h12m16s41	50.8586989721	46.9520724116	14.1000362383
20200128-h12m19s10	50.858321413	46.9545545809	14.0918257562
20200128-h12m21s34	50.8600997836	46.9551947792	14.0894809328
20200128-h12m23s59	50.8566750862	46.9541797852	14.091600154
20200128-h12m26s22	50.8598370978	46.9545556677	14.1046586846
20200128-h12m28s45	50.8604361215	46.9561600972	14.1104691427
20200128-h12m31s10	50.858469062	46.9543197167	14.0986394244
20200128-h12m33s33	50.8571947597	46.9542200135	14.0913313513
20200128-h12m36s00	50.8606784428	46.954059156	14.0863129011
20200128-h12m38s26	50.861640591	46.9545397216	14.0794320323
20200128-h12m40s53	50.8607438436	46.9543186302	14.0816808548
20200128-h12m43s18	50.8646728157	46.9531612012	14.0794224322
20200128-h12m45s41	50.8630657439	46.9540439645	14.0956681947
20200128-h12m48s06	50.8616140022	46.9512569028	14.0969474075
20200128-h12m52s03	50.8603023453	46.9497349096	14.0918905569
20200128-h12m54s20	50.8583212916	46.9483843059	14.0941201792
20200128-h12m56s38	50.8635019272	46.9513505397	14.1055418934
20200128-h12m58s58	50.8636291904	46.9505971922	14.0934529725
20200128-h13m01s18	50.8649739765	46.9535298121	14.1019706577
20200128-h13m03s35	50.8674727756	46.9485099154	14.1048674867
20200128-h13m05s53	50.8629143695	46.9515228125	14.0968202062
20200128-h13m08s12	50.8614029378	46.9516613897	14.0942929809
20200128-h13m10s30	50.8629512298	46.9504566149	14.0875081131
20200128-h13m12s48	50.8621526154	46.9515780088	14.0981474195
20200128-h13m15s06	50.8619103842	46.9512454602	14.0935897739
20200128-h13m17s24	50.8592471014	46.9548263585	14.0998946369
20200128-h13m19s44	50.862687534	46.953741087	14.1019274572
20200128-h13m22s09	50.8615135202	46.9505973395	14.0963282012
20200128-h13m24s33	50.8584599659	46.9552864798	14.0956537945
20200128-h13m27s00	50.8582599501	46.954820228	14.0962706007
20200128-h13m29s25	50.8588205208	46.9566137402	14.1087147251
20200128-h13m31s50	50.8552103409	46.9538939741	14.1017954559
20200128-h13m34s15	50.8539484798	46.9548019068	14.0981402193
20200128-h13m36s39	50.8499316403	46.9575218394	14.0981858198
20200128-h13m39s05	50.8523894516	46.9577261707	14.0977562155
20200128-h13m41s31	50.8502525893	46.9573796058	14.1021698596
20200128-h13m43s56	50.8504260831	46.9581698454	14.1003770417
20200128-h13m46s21	50.8504609125	46.9585517285	14.1067827058
20200128-h13m48s47	50.8506160505	46.9552894724	14.1030506685
20200128-h13m51s13	50.8479890743	46.9545668885	14.1018146561
20200128-h13m53s39	50.849465334	46.9559008231	14.111301951
20200128-h13m56s05	50.8486283416	46.9539343883	14.1042530805
20200128-h13m58s31	50.8495756755	46.9565699089	14.1222124601
20200128-h14m00s58	50.8489486136	46.9498011975	14.1169252072
20200128-h14m03s25	50.8479863096	46.9527941587	14.1171964099
20200128-h14m05s52	50.8481251795	46.9533448461	14.1067875058
20200128-h14m08s18	50.8502905363	46.9534039045	14.106602704
20200128-h14m10s45	50.846645229	46.9547642681	14.1055538935
20200128-h14m13s12	50.8487707216	46.9514222509	14.1099675376
20200128-h14m15s40	50.8471939686	46.9529611269	14.0996498344
20200128-h14m18s06	50.8471339204	46.9562314731	14.1080571185
20200128-h14m20s36	50.8464644781	46.9518668227	14.1051170891
20200128-h14m23s03	50.848566823	46.9516655	14.11020754
20200128-h14m25s28	50.8457469293	46.9513067344	14.1147315852
20200128-h14m27s53	50.8467032525	46.9537060873	14.1149691876
20200128-h14m30s17	50.8458822938	46.9520834432	14.1115971539
20200128-h14m32s40	50.8452168419	46.9524187994	14.1179980179
20200128-h14m35s02	50.8449270687	46.9536433902	14.116507603
20200128-h14m37s26	50.8453717463	46.954502279	14.1168364063
20200128-h14m39s46	50.8462622772	46.9522202742	14.1088467264
20200128-h14m42s04	50.8451318252	46.9524309207	14.1114171521
20200128-h14m44s23	50.8467337776	46.9538610337	14.1123651616
20200128-h14m46s40	50.8434245078	46.9532330316	14.1147579855
20200128-h14m49s02	50.8418947741	46.9540334174	14.1029618675
20200128-h14m51s21	50.8449916762	46.9540518616	14.0983466213
20200128-h14m53s40	50.842441643	46.9529783503	14.1162772006
20200128-h14m55s58	50.8434116329	46.9538950257	14.1156075939
20200128-h14m58s17	50.8452594226	46.9547610654	14.1338405762
20200128-h15m00s36	50.8408588221	46.9510887436	14.1122139599
20200128-h15m02s56	50.8450067598	46.9532251029	14.1139971777
20200128-h15m05s16	50.8416553232	46.9523691743	14.1085755235
20200128-h15m07s37	50.8421476799	46.9530210701	14.1041954797
20200128-h15m09s57	50.8442153103	46.9530665441	14.1142731805
20200128-h15m12s20	50.8427531814	46.9534355185	14.1209908477
20200128-h15m14s44	50.8436156962	46.9521819586	14.1107355451
20200128-h15m17s06	50.8431723489	46.9525553114	14.1144099818
20200128-h15m19s25	50.8420729326	46.9512650949	14.1138795765
20200128-h15m21s45	50.8437475487	46.950801042	14.1084435221
20200128-h15m24s04	50.8444729498	46.954425861	14.1079851175
20200128-h15m26s24	50.8429860678	46.9499041154	14.1154947926
20200128-h15m28s46	50.8424812428	46.94947409	14.1085467231
20200128-h15m31s08	50.8438062021	46.9542149231	14.1073203108
20200128-h15m33s31	50.8420972956	46.947943076	14.111945157
20200128-h15m35s53	50.8455824314	46.9508259107	14.11324837
20200128-h15m38s15	50.8422488361	46.9509827951	14.1117915554
20200128-h15m40s42	50.8417799083	46.9489991091	14.0989442269
20200128-h15m43s05	50.843594704	46.951811435	14.115458792
20200128-h15m45s31	50.840462013	46.949056079	14.118859626
20200128-h15m47s55	50.8424495156	46.9494188018	14.096359401
20200128-h15m50s16	50.8427265578	46.9504236848	14.1163204006
20200128-h15m52s40	50.8398280492	46.9468979074	14.1141915793
20200128-h15m55s02	50.8408557783	46.9480264846	14.1161715991
20200128-h15m57s26	50.8400745846	46.9493794658	14.1065691031
20200128-h15m59s48	50.8414247977	46.951812452	14.0954209916
20200128-h16m02s10	50.8401857471	46.9502999795	14.1146235836
20200128-h16m04s34	50.8406218149	46.9507715982	14.1151539889
20200128-h16m06s57	50.8449143062	46.9480366999	14.102465062
20200128-h16m09s19	50.8385979383	46.9486817087	14.1112083494
20200128-h16m11s41	50.8434514461	46.952728331	14.1244588819
20200128-h16m14s04	50.8381063346	46.9475346253	14.1237892752
20200128-h16m16s29	50.8400699303	46.9441383376	14.1117483548
20200128-h16m18s54	50.841494371	46.95119548	14.1251476888
20200128-h16m21s16	50.8386700363	46.9481492396	14.1071163085
20200128-h16m23s42	50.8377340807	46.9491842531	14.1184996223
20200128-h16m26s06	50.8410033069	46.9465114717	14.1090315276
20200128-h16m27s42	50.8382584364	46.9473507881	14.1067491048
20200128-h16m31s38	50.8388483944	46.9469846817	14.1091083284
20200128-h16m35s07	50.840873826	46.9478645057	14.1278117154
20200128-h16m37s29	50.8390990272	46.9425616794	14.104773885
20200128-h16m39s50	50.83783556	46.9471457112	14.1164260015
20200128-h16m42s09	50.8405298055	46.9462391225	14.1080475177
20200128-h16m44s28	50.8377569919	46.9473135735	14.1034418716
20200128-h16m46s46	50.8382031104	46.9493592487	14.1182380196
20200128-h16m49s04	50.8384732938	46.9467395238	14.1213028502
20200128-h16m51s22	50.837824118	46.9473542995	14.1260284975
20200128-h16m53s41	50.8381197458	46.946361351	14.097379411
20200128-h16m55s59	50.8363059327	46.9515448629	14.1055082923
20200128-h16m58s19	50.8366071279	46.9490034544	14.1161523987
20200128-h17m00s37	50.837151984	46.9505052871	14.1188524257
20200128-h17m02s56	50.8393227802	46.9482514244	14.1255364925
20200128-h17m05s14	50.8375089388	46.9474219126	14.1139803769
20200128-h17m07s33	50.8381615006	46.9478875546	14.1215668528
20200128-h17m09s56	50.8380260981	46.9478307739	14.1256396935
20200128-h17m12s15	50.8373819003	46.9530458526	14.1180772179
20200128-h17m14s34	50.8364440629	46.9519038905	14.123585273
20200128-h17m16s55	50.8333406698	46.9467790748	14.1146403836
20200128-h17m19s22	50.8360755571	46.955332819	14.1162844
20200128-h17m21s43	50.8326662741	46.9504382547	14.1279605168
20200128-h17m24s02	50.8354574224	46.9510370234	14.1289469267
20200128-h17m26s21	50.8283372987	46.9515949692	14.123678874
20200128-h17m28s41	50.8340993606	46.9553631276	14.1093915311
20200128-h17m31s00	50.833007796	46.9554889948	14.117578013
20200128-h17m33s20	50.8311676039	46.9539554386	14.1089931272
20200128-h17m35s40	50.8313236482	46.9552541014	14.1150387877
20200128-h17m38s00	50.8327546118	46.9546498509	14.1169612069
20200128-h17m40s18	50.8324927472	46.9576537678	14.1203476408
20200128-h17m42s37	50.8288573724	46.9548040365	14.116063598
20200128-h17m44s56	50.8295671568	46.9572245659	14.1252388898
20200128-h17m47s17	50.8316423007	46.9548454075	14.1190924283
20200128-h17m49s46	50.8302078899	46.9558813295	14.1126051634
20200128-h17m52s05	50.8296606698	46.9528526179	14.1206092434
20200128-h17m54s26	50.8327061575	46.9513849607	14.1276485138
20200128-h17m56s45	50.830018453	46.9507726293	14.1184972223
20200128-h17m59s04	50.8297138313	46.9521092988	14.1149955873
20200128-h18m01s24	50.8328134383	46.9537938245	14.134169379
20200128-h18m03s43	50.8303540791	46.9521975716	14.139864636
20200128-h18m06s03	50.8272499292	46.9496199085	14.1345437828
20200128-h18m08s23	50.8282969541	46.9528472157	14.1127011644
20200128-h18m10s42	50.8294877835	46.9523546567	14.1231532689
20200128-h18m13s02	50.8262786863	46.9498861325	14.1181012184
20200128-h18m15s21	50.8286819319	46.9533057139	14.1237244746
20200128-h18m17s39	50.8272029329	46.9515223619	14.1332885702
20200128-h18m19s58	50.8269539777	46.9534823344	14.1373950113
20200128-h18m22s24	50.8285668917	46.9512593344	14.1233716711
20200128-h18m24s47	50.8268454651	46.9527439542	14.1356669941
20200128-h18m27s06	50.8285560953	46.949146371	14.126155699
20200128-h18m29s25	50.8264792882	46.9519065353	14.133857376
20200128-h18m31s43	50.8273779676	46.9536878284	14.1290069275
20200128-h18m34s02	50.8265334648	46.9527272863	14.1163756012
20200128-h18m36s22	50.8267405753	46.9534077032	14.1159843973
20200128-h18m38s41	50.8268926087	46.9522222163	14.1464287017
20200128-h18m41s00	50.8273331192	46.951184753	14.1279701171
20200128-h18m43s19	50.8245337017	46.9516948587	14.1129771672
20200128-h18m45s38	50.8283349867	46.9580040061	14.1276389138
20200128-h18m47s56	50.8270111274	46.9537058461	14.1108651461
20200128-h18m50s22	50.8276825313	46.9537255662	14.1166324038
20200128-h18m52s41	50.8284502937	46.95266946	14.1139947774
20200128-h18m55s00	50.8289158504	46.9557436601	14.1460614981
20200128-h18m57s25	50.8229036268	46.9496591308	14.1389982275
20200128-h18m59s44	50.8267151476	46.957502296	14.1131859694
20200128-h19m02s02	50.8269797139	46.9564425824	14.1360989985
20200128-h19m04s22	50.8239881215	46.9502229825	14.1324581621
20200128-h19m06s40	50.8268186707	46.9537231884	14.126345301
20200128-h19m09s02	50.8271053452	46.9540998346	14.1359381969
20200128-h19m11s23	50.8278535011	46.9544145258	14.1145851834
20200128-h19m13s44	50.8271166694	46.9558042531	14.1208084456
20200128-h19m16s06	50.8288029507	46.9544058541	14.1320621581
20200128-h19m18s28	50.8266211299	46.9575939386	14.124955687
20200128-h19m20s53	50.8251784494	46.955883979	14.1268493059
20200128-h19m23s20	50.8288020703	46.9554930753	14.1361877993
20200128-h19m25s48	50.8254480635	46.9553994839	14.1190396278
20200128-h19m28s15	50.828726761	46.9562515566	14.1396822342
20200128-h19m30s46	50.8280156919	46.9562108896	14.1249484869
20200128-h19m33s19	50.8279907535	46.9591123031	14.1297653351
20200128-h19m35s47	50.8271836739	46.9538562426	14.1365310028
20200128-h19m38s16	50.8269281261	46.9549975982	14.1257332948
20200128-h19m40s43	50.8257514667	46.9559265047	14.1334877723
20200128-h19m43s12	50.8241367834	46.9551975108	14.1399126365
20200128-h19m45s40	50.8271176106	46.9560950683	14.1224284617
20200128-h19m48s09	50.8254900643	46.9568838371	14.1245908833
20200128-h19m50s37	50.8282906277	46.9532292696	14.1325757631
20200128-h19m53s05	50.8271551803	46.9586293365	14.1278597159
20200128-h19m55s35	50.8237845666	46.9536407987	14.1314621519
20200128-h19m58s03	50.828719677	46.9564754975	14.1282293196
20200128-h20m00s32	50.8242397096	46.9550894179	14.1276893142
20200128-h20m03s01	50.824775203	46.9536123133	14.1430518678
20200128-h20m05s33	50.8245234999	46.952724549	14.1357581949
20200128-h20m08s03	50.8239279926	46.9520329532	14.1276341137
20200128-h20m10s40	50.8252244422	46.9550483445	14.1247276846
20200128-h20m13s08	50.8213053243	46.9531061767	14.1453126905
20200128-h20m15s36	50.8259630191	46.9542731294	14.1304925423
20200128-h20m18s04	50.8241029879	46.9526480773	14.1328949663
20200128-h20m20s32	50.8243144306	46.9553775197	14.1345101825
20200128-h20m23s00	50.8215932396	46.9528706892	14.1236116735
20200128-h20m25s28	50.8198345064	46.9531484793	14.1302909403
20200128-h20m27s56	50.8224911936	46.9541446885	14.1478039154
20200128-h20m30s23	50.8194428172	46.9508406785	14.1330413678
20200128-h20m32s51	50.82187633	46.9527647262	14.1283877213
20200128-h20m35s19	50.8194152444	46.9526040278	14.1190156276
20200128-h20m37s45	50.8205751497	46.9516246504	14.1379638171
20200128-h20m40s08	50.8219502325	46.9535891815	14.1357917954
20200128-h20m42s31	50.8223213181	46.9506161823	14.131853356
20200128-h20m44s54	50.8183116625	46.9496521214	14.1316205537
20200128-h20m47s23	50.8224539025	46.9540015966	14.1239812773
20200128-h20m49s46	50.8201951168	46.9505849705	14.1304877424
20200128-h20m52s08	50.8239930527	46.951085574	14.1277541151
20200128-h20m54s32	50.8198742211	46.9502392624	14.1301133387
20200128-h20m56s54	50.824245375	46.9533752714	14.1176308139
20200128-h20m59s18	50.8206181271	46.9542986931	14.1277901155
20200128-h21m01s41	50.8218437109	46.9476312566	14.1560503981
20200128-h21m04s05	50.8185031844	46.9487061069	14.1367278049
20200128-h21m06s27	50.8195914517	46.9540298388	14.1274133118
20200128-h21m08s49	50.8189490043	46.9522969766	14.1383694214
20200128-h21m11s12	50.817659132	46.9492460244	14.1285989237
20200128-h21m13s35	50.8172537952	46.9519835571	14.1206140439
20200128-h21m15s56	50.8163138772	46.9544550693	14.1237124749
20200128-h21m18s20	50.8200884676	46.9525056	14.1343421812
20200128-h21m20s42	50.814692484	46.9501498509	14.1438966767
20200128-h21m23s09	50.8164594334	46.9512097842	14.1302861406
20200128-h21m25s34	50.8131101955	46.9512862074	14.1333509712
20200128-h21m27s56	50.8172920551	46.951099236	14.1250924886
20200128-h21m30s19	50.8171348858	46.9522101847	14.1221812595
20200128-h21m32s42	50.8165797412	46.9504804476	14.1282029197
20200128-h21m35s05	50.8159657083	46.9521577594	14.1291893296
20200128-h21m37s28	50.8168343693	46.9558600445	14.1292157299
20200128-h21m39s51	50.8167738654	46.9530970467	14.129021328
20200128-h21m42s13	50.8159769731	46.9542824927	14.1401646394
20200128-h21m44s34	50.8183532499	46.9541270157	14.1340565783
20200128-h21m46s54	50.8121350123	46.954341589	14.1322013597
20200128-h21m49s14	50.8177552521	46.9565677174	14.1382422201
20200128-h21m51s35	50.8122391552	46.9544831033	14.1200620383
20200128-h21m53s57	50.8137959614	46.9599089013	14.1197524352
20200128-h21m56s16	50.8107080328	46.955859444	14.1293501312
20200128-h21m58s38	50.8135400163	46.9573126891	14.1314549522
20200128-h22m01s08	50.8157661939	46.96058662	14.1389646273
20200128-h22m03s30	50.8131002678	46.9603428198	14.145735095
20200128-h22m05s50	50.8142468893	46.9583710095	14.1324461621
20200128-h22m08s11	50.8089170272	46.963102137	14.1201988396
20200128-h22m10s33	50.8141180217	46.9632331455	14.1375630132
20200128-h22m12s54	50.8112978344	46.9595696778	14.147439112
20200128-h22m15s14	50.8103269841	46.9605697879	14.1324605622
20200128-h22m17s36	50.811495311	46.9645303347	14.141837456
20200128-h22m19s56	50.8133093795	46.9610415671	14.1472639103
20200128-h22m22s16	50.8107580154	46.9638933272	14.1401478391
20200128-h22m24s37	50.81099767	46.9637779745	14.1303053407
20200128-h22m26s57	50.8098533326	46.9642818853	14.1297221349
20200128-h22m29s18	50.8112591326	46.9657991891	14.1468415061
20200128-h22m31s38	50.8131057617	46.9664924806	14.1383862215
20200128-h22m34s03	50.8115812481	46.9637797164	14.1358253959
20200128-h22m36s27	50.8110015601	46.9696528739	14.1314645523
20200128-h22m38s53	50.8120353638	46.9686628463	14.1633440711
20200128-h22m41s16	50.8133606388	46.9677205089	14.1494695324
20200128-h22m43s38	50.8103578211	46.9650002105	14.1171100088
20200128-h22m45s58	50.815232053	46.9732265019	14.1225604633
20200128-h22m48s19	50.8145948844	46.9695771988	14.1309053467
20200128-h22m50s39	50.8136436727	46.9719189925	14.1444582822
20200128-h22m53s01	50.8146074584	46.9738632762	14.1299165368
20200128-h22m55s22	50.8112690989	46.9705096341	14.143939877
20200128-h22m57s44	50.8138248564	46.9732658548	14.1617600552
20200128-h23m00s05	50.8140381363	46.9707833097	14.1557527951
20200128-h23m02s27	50.8116510537	46.9701273023	14.137841416
20200128-h23m04s47	50.8168177972	46.9743325646	14.1310661482
20200128-h23m07s08	50.8148223707	46.9719803664	14.1489583271
20200128-h23m09s29	50.8138938832	46.9716185005	14.1427782653
20200128-h23m11s49	50.8139047598	46.9741214217	14.1408222457
20200128-h23m14s10	50.8140292608	46.9725034659	14.1444630821
20200128-h23m16s32	50.8161600667	46.9741834103	14.1441054785
20200128-h23m18s58	50.8173205851	46.9715922067	14.1359909974
20200128-h23m21s17	50.8147074703	46.9746574045	14.1365886034
20200128-h23m23s36	50.8192370373	46.9715674563	14.157946417
20200128-h23m25s54	50.8171786041	46.9679608532	14.140150239
20200128-h23m28s16	50.8172698381	46.9714537731	14.1492007295
20200128-h23m30s36	50.8219444091	46.9730316878	14.1319661572
20200128-h23m32s56	50.8190842316	46.9723917957	14.1444726823
20200128-h23m35s16	50.8186116251	46.9703855113	14.1410670482
20200128-h23m37s38	50.820280031	46.9722312118	14.1389862274
20200128-h23m39s58	50.8232873825	46.9738038092	14.1469519071
20200128-h23m42s19	50.8197701998	46.9686757924	14.1441798794
20200128-h23m44s39	50.8190190326	46.9727611501	14.1516751544
20200128-h23m47s00	50.8219931096	46.9722753901	14.1370086077
20200128-h23m49s21	50.8225097793	46.9727566341	14.1393966316
20200128-h23m51s41	50.8245163554	46.9715149038	14.1516487541
20200128-h23m54s25	50.8251495653	46.9719074545	14.145843096
20200128-h23m56s45	50.8243261753	46.9743950412	14.1412374499
20200128-h23m59s10	50.8247039769	46.9740578974	14.1461790993
20200129-h00m01s29	50.8286571947	46.9694895464	14.1383766213
20200129-h00m03s51	50.8273860782	46.9726814949	14.1318413559
20200129-h00m06s12	50.82664898	46.9722404311	14.1586856243
20200129-h00m08s34	50.8266476173	46.9729623097	14.1436878743
20200129-h00m10s53	50.8275677308	46.9726203991	14.130758945
20200129-h00m13s15	50.8308766614	46.9720577052	14.1316349538
20200129-h00m15s35	50.8302108164	46.9716534761	14.1352181896
20200129-h00m17s55	50.8304866854	46.9722641901	14.1329693671
20200129-h00m20s16	50.8314019141	46.9697365641	14.1397542349
20200129-h00m22s37	50.8327881793	46.970358997	14.1399054364
20200129-h00m24s57	50.8296158442	46.9683216293	14.1409494468
20200129-h00m27s18	50.8350807777	46.968086023	14.1367806051
20200129-h00m29s38	50.8324850186	46.9700065599	14.1405126424
20200129-h00m31s59	50.8342661373	46.969084242	14.1437070743
20200129-h00m34s46	50.835784411	46.9727716561	14.1249700869
20200129-h00m37s14	50.8361289443	46.9711126584	14.1484015212
20200129-h00m39s37	50.8348460013	46.9699769135	14.1473143103
20200129-h00m42s00	50.8400584359	46.9691147976	14.1447150843
20200129-h00m44s23	50.834843088	46.9682283307	14.1396582337
20200129-h00m46s46	50.8383125764	46.9697612118	14.1388446256
20200129-h00m49s10	50.8391961033	46.9702198894	14.1311141483
20200129-h00m51s33	50.8402822174	46.9736016792	14.1464047012
20200129-h00m53s57	50.837560454	46.9683389738	14.1431574687
20200129-h00m56s20	50.8407472984	46.9737577562	14.1454542917
20200129-h00m58s44	50.8408040851	46.970106361	14.1383574207
20200129-h01m01s07	50.8441996488	46.9706433016	14.1405630428
20200129-h01m03s31	50.8395324424	46.9683484435	14.1368358055
20200129-h01m05s53	50.8412176769	46.9710513812	14.1476671138
20200129-h01m08s17	50.8392947829	46.9671962283	14.1349973871
20200129-h01m10s39	50.8424576635	46.9718391209	14.1419982571
20200129-h01m13s03	50.8428290019	46.9710363885	14.1422646598
20200129-h01m15s27	50.8464195356	46.9687676712	14.1361277984
20200129-h01m17s51	50.8433293258	46.9706197577	14.1345749829
20200129-h01m20s16	50.843035527	46.9688943994	14.1322061592
20200129-h01m22s40	50.8484217297	46.9702703307	14.1375750129
20200129-h01m25s02	50.8444120847	46.9680278268	14.1352589897
20200129-h01m27s26	50.8490427252	46.9653786324	14.1344837819
20200129-h01m29s47	50.8446025609	46.9694472699	14.1454206913
20200129-h01m32s09	50.8480430192	46.9655142973	14.1455526926
20200129-h01m34s33	50.8490586015	46.964576171	14.1533119702
20200129-h01m36s56	50.8485557268	46.9630293651	14.1456774939
20200129-h01m39s21	50.8489317935	46.9629686629	14.1399486366
20200129-h01m41s44	50.8471806297	46.9659300258	14.1446598837
20200129-h01m44s08	50.8515351766	46.9657415847	14.1248764859
20200129-h01m46s30	50.8520711167	46.9647008842	14.1298997361
20200129-h01m48s54	50.8481644129	46.9651730396	14.1350669878
20200129-h01m51s17	50.851375904	46.9646356509	14.1285653228
20200129-h01m53s40	50.8503855017	46.9656944512	14.1367182043
20200129-h01m56s03	50.8511089839	46.9615862847	14.1410022471
20200129-h01m58s30	50.85496861	46.9622192947	14.1302621397
20200129-h02m00s54	50.8535901079	46.9630677627	14.1342677798
20200129-h02m03s28	50.8544102621	46.9596414666	14.1496399335
20200129-h02m05s54	50.8547019144	46.9603411105	14.137090208
20200129-h02m08s19	50.8555509205	46.9595952166	14.1483823209
20200129-h02m10s42	50.8572663529	46.9594411521	14.1385734228
20200129-h02m13s06	50.8570633565	46.9600888809	14.139694234
20200129-h02m15s30	50.85818116	46.9586294091	14.1280421175
20200129-h02m17s53	50.8570806804	46.960943408	14.1363774009
20200129-h02m20s16	50.855507879	46.9561227844	14.1463927011
20200129-h02m22s40	50.8596040497	46.956796265	14.1429630668
20200129-h02m25s03	50.8577688773	46.9548964743	14.134483782
20200129-h02m27s27	50.8594684769	46.9577247817	14.1322589598
20200129-h02m29s49	50.858027185	46.9522024886	14.1458454957
20200129-h02m32s13	50.8576659817	46.9530730503	14.159076828
20200129-h02m34s38	50.8597142439	46.9546782007	14.1421302585
20200129-h02m37s01	50.8592544782	46.9554828427	14.1396270335
20200129-h02m39s25	50.8596119965	46.9556966401	14.140479042
20200129-h02m41s49	50.8602743456	46.9566178792	14.1392286295
20200129-h02m44s16	50.8586233244	46.9541604911	14.1614072513
20200129-h02m46s38	50.8572524776	46.9506363134	14.1454062913
20200129-h02m49s03	50.8591865562	46.9533049169	14.1579368166
20200129-h02m51s25	50.86017992	46.9532868793	14.1374094113
20200129-h02m53s49	50.8573264025	46.9556504736	14.1591224284
20200129-h02m56s12	50.8572488036	46.9518166941	14.1492607298
20200129-h02m58s36	50.8639094953	46.954524928	14.138784625
20200129-h03m00s58	50.8602915331	46.9521071271	14.1443502807
20200129-h03m03s22	50.8585341154	46.9517942113	14.1361253985
20200129-h03m05s44	50.8572802633	46.954497586	14.1533311706
20200129-h03m08s06	50.8594428931	46.9513368471	14.1461910992
20200129-h03m10s28	50.8597283755	46.9516962025	14.1327341646
20200129-h03m12s49	50.8578255491	46.9519052009	14.1520807581
20200129-h03m15s09	50.8589999397	46.9518322013	14.1502495398
20200129-h03m17s31	50.8588159521	46.9500069714	14.1590600279
20200129-h03m19s53	50.8595922559	46.9484034084	14.1559183965
20200129-h03m22s13	50.8585220161	46.9538198861	14.1320597579
20200129-h03m24s35	50.8594713131	46.9528918784	14.1374334116
20200129-h03m26s56	50.860892244	46.9501698142	14.1434550718
20200129-h03m29s17	50.8606710587	46.9510106114	14.1597920352
20200129-h03m31s37	50.8595981622	46.949621796	14.1531895692
20200129-h03m34s00	50.8603025587	46.9469195565	14.1466303036
20200129-h03m36s21	50.8582653506	46.9515912732	14.1494791321
20200129-h03m38s43	50.858482824	46.9527937672	14.1343853812
20200129-h03m41s04	50.8578971165	46.953124932	14.1513559509
20200129-h03m43s26	50.8575843398	46.9486784046	14.1465007023
20200129-h03m45s47	50.8575163164	46.9538244444	14.1422310596
20200129-h03m48s09	50.8584782535	46.9523014419	14.1487999253
20200129-h03m50s30	50.8553402963	46.9496817273	14.1410838481
20200129-h03m52s51	50.8560960537	46.9490152822	14.1531823691
20200129-h03m55s11	50.8596285557	46.9505141962	14.1342341796
20200129-h03m57s33	50.8573420988	46.9520335729	14.1553855911
20200129-h03m59s52	50.8573617835	46.9491404616	14.1451686889
20200129-h04m02s14	50.8594613297	46.9519701289	14.1478879161
20200129-h04m04s36	50.8522662542	46.9477871297	14.1454614918
20200129-h04m06s56	50.8566681946	46.9488028173	14.1470719079
20200129-h04m09s18	50.8556265954	46.9511123685	14.159180029
20200129-h04m11s42	50.8555325861	46.9486483041	14.1559471967
20200129-h04m14s10	50.8551451041	46.95081216	14.1475639129
20200129-h04m16s44	50.8553983685	46.9462888938	14.1521503588
20200129-h04m19s06	50.8523958019	46.9488243952	14.1493207305
20200129-h04m21s26	50.856589095	46.9472335019	14.137966217
20200129-h04m23s47	50.8524671774	46.9507070086	14.1432246696
20200129-h04m26s08	50.853618197	46.9484167203	14.1520447578
20200129-h04m28s29	50.8514331892	46.9497170391	14.1381414188
20200129-h04m30s50	50.855050693	46.9503151554	14.1513055504
20200129-h04m33s13	50.8538565389	46.9484568964	14.154466382
20200129-h04m35s33	50.8491636401	46.9480435506	14.1614720521
20200129-h04m37s55	50.8510157733	46.9476064879	14.1534295717
20200129-h04m40s16	50.8525921267	46.9487521803	14.1442734801
20200129-h04m42s38	50.8527267014	46.952789264	14.1380694181
20200129-h04m44s59	50.850734572	46.9507419448	14.1257692951
20200129-h04m47s20	50.8532958871	46.950997397	14.1392454299
20200129-h04m49s41	50.8531537146	46.9490001237	14.1486991244
20200129-h04m52s01	50.8538977333	46.9488956914	14.1487831252
20200129-h04m54s22	50.8506678873	46.9498920281	14.142367861
20200129-h04m56s42	50.8508753535	46.9507085687	14.1565160025
20200129-h04m59s05	50.84948363	46.949341893	14.1501583389
20200129-h05m01s31	50.8463995653	46.9502497515	14.1294437318
20200129-h05m03s53	50.8512264043	46.9524470432	14.141767855
20200129-h05m06s12	50.8493319886	46.950635417	14.1486871242
20200129-h05m08s35	50.8503779897	46.949841642	14.1533983713
20200129-h05m10s54	50.8486894706	46.9502155189	14.1532999703
20200129-h05m13s17	50.8472048129	46.9513501351	14.1616112534
20200129-h05m15s37	50.8477052489	46.9515023094	14.1421350586
20200129-h05m17s58	50.8461523277	46.9497976558	14.1440910782
20200129-h05m20s18	50.8465537411	46.9504464358	14.1491527288
20200129-h05m22s40	50.8453038715	46.9493470452	14.1462126994
20200129-h05m25s01	50.8447799637	46.9492360255	14.1376086134
20200129-h05m27s23	50.8471831884	46.9517978864	14.1395214325
20200129-h05m29s44	50.8459905893	46.9530952255	14.1606440437
20200129-h05m32s05	50.8474658831	46.9476205618	14.1464191015
20200129-h05m34s26	50.8450412533	46.9507801525	14.1560119974
20200129-h05m36s46	50.8491696195	46.9457809719	14.1390846281
20200129-h05m39s10	50.8477699798	46.9533217074	14.1452598899
20200129-h05m41s32	50.8470090085	46.9507736662	14.1384222215
20200129-h05m43s56	50.8440115654	46.9517095647	14.1384342216
20200129-h05m46s22	50.84760689	46.9557920644	14.1385278225
20200129-h05m48s46	50.8472275345	46.9504494242	14.1515287525
20200129-h05m51s07	50.8479057094	46.9508499678	14.1497359346
20200129-h05m53s31	50.8438582581	46.9543208727	14.1591128284
20200129-h05m55s53	50.8448230713	46.9534750919	14.1664545018
20200129-h05m58s17	50.8395504453	46.9527049961	14.1616376536
20200129-h06m00s41	50.8447141234	46.9535811629	14.1374382116
20200129-h06m03s06	50.8419712848	46.9580616224	14.1500407376
20200129-h06m05s28	50.8442951288	46.9564310089	14.1532543697
20200129-h06m07s53	50.8435096034	46.9561724652	14.155781595
20200129-h06m10s17	50.8417242536	46.9552372872	14.1400686379
20200129-h06m12s42	50.8433101129	46.9578820499	14.151682354
20200129-h06m15s05	50.8410516752	46.95969492	14.151881556
20200129-h06m17s28	50.843655304	46.9546761815	14.1521479587
20200129-h06m19s51	50.8421467952	46.9580043493	14.1592400296
20200129-h06m22s15	50.841070927	46.9564769223	14.1574232114
20200129-h06m24s38	50.8431362283	46.9580447777	14.1435006722
20200129-h06m27s03	50.8420201258	46.9618247106	14.1582344195
20200129-h06m29s25	50.8418251558	46.9608904539	14.1627440646
20200129-h06m31s47	50.8433567551	46.9588396642	14.1530647678
20200129-h06m34s13	50.8406948251	46.9589488551	14.1491119283
20200129-h06m36s42	50.8428941747	46.9608835333	14.1542023792
20200129-h06m39s06	50.8422760339	46.9625022061	14.1638528757
20200129-h06m41s29	50.8414328347	46.9593440633	14.1675273124
20200129-h06m43s54	50.8393014769	46.9607336725	14.1556927941
20200129-h06m46s16	50.8415610732	46.9605715381	14.1577160143
20200129-h06m48s41	50.8383985899	46.9619185363	14.1536239734
20200129-h06m51s04	50.8414270656	46.9666455428	14.1637784749
20200129-h06m53s28	50.8380591539	46.9649821155	14.1595328324
20200129-h06m55s50	50.840639957	46.9645087317	14.1481783189
20200129-h06m58s14	50.8388859679	46.9687723389	14.1546223833
20200129-h07m00s38	50.8404618102	46.9635533734	14.1523687608
20200129-h07m03s04	50.8382514867	46.9633065679	14.1689601267
20200129-h07m05s28	50.8386076399	46.9605113076	14.1715305524
20200129-h07m07s53	50.8403813895	46.9628562762	14.1631088682
20200129-h07m10s16	50.8372926047	46.9637466887	14.1643160803
20200129-h07m12s40	50.8376672167	46.9617966907	14.1625136623
20200129-h07m15s02	50.8372567318	46.9665115326	14.1648392856
20200129-h07m17s26	50.8377034665	46.9619880636	14.1681585188
20200129-h07m19s50	50.8365411862	46.9602130859	14.155579993
20200129-h07m22s16	50.8377859746	46.9623905294	14.1530671679
20200129-h07m24s41	50.8398346983	46.963066994	14.1906971442
20200129-h07m27s17	50.8353843306	46.9568064981	14.1683649209
20200129-h07m29s38	50.8373803185	46.9632912932	14.1657224945
20200129-h07m32s02	50.8378050985	46.9642429087	14.1487183245
20200129-h07m34s25	50.8372395863	46.9670286489	14.1555415927
20200129-h07m36s48	50.8379890829	46.9646504623	14.1699057363
20200129-h07m39s12	50.835153389	46.9625941672	14.1803818411
20200129-h07m41s35	50.8370834941	46.9644223118	14.1617840551
20200129-h07m43s59	50.8366973894	46.9637475203	14.1461142984
20200129-h07m46s23	50.8371694236	46.9712609041	14.1547615849
20200129-h07m48s48	50.8399311866	46.9651457276	14.1673113104
20200129-h07m51s10	50.8366986989	46.9674249418	14.1513919512
20200129-h07m53s34	50.8393486059	46.9656799865	14.1536647739
20200129-h07m55s57	50.8396384771	46.9694955228	14.1641120784
20200129-h07m58s22	50.8381691611	46.9661991252	14.1685641229
20200129-h08m00s45	50.8378806203	46.9677485031	14.1703953412
20200129-h08m03s08	50.8395404139	46.9692427496	14.1832474697
20200129-h08m05s32	50.8379487232	46.9667609216	14.1673233105
20200129-h08m07s56	50.8388359133	46.966849987	14.1636392737
20200129-h08m10s56	50.8401195299	46.9671710824	14.1557599949
20200129-h08m13s19	50.8398073772	46.9673897915	14.1660056974
20200129-h08m15s44	50.8401705791	46.9686486246	14.1587216246
20200129-h08m18s37	50.8430034824	46.9668496818	14.1725529629
20200129-h08m20s58	50.8428908074	46.9651827854	14.1681057184
20200129-h08m23s18	50.8390053955	46.9668130936	14.161767255
20200129-h08m25s39	50.8430600842	46.9698056039	14.166670504
20200129-h08m27s59	50.8435069028	46.9689756517	14.1687849251
20200129-h08m30s21	50.839919547	46.9706782467	14.1539167764
20200129-h08m32s43	50.8429703574	46.9678222942	14.1537463747
20200129-h08m35s04	50.8429097853	46.967032807	14.1636848741
20200129-h08m37s26	50.8435371522	46.9690643533	14.1724329616
20200129-h08m39s47	50.8439563632	46.9635853992	14.1634256715
20200129-h08m42s08	50.8421992352	46.9661257481	14.1677049143
20200129-h08m44s30	50.8438313523	46.9653778561	14.1600896381
20200129-h08m46s51	50.8444082003	46.9672733751	14.1566024032
20200129-h08m49s14	50.8467122895	46.9667813759	14.1805618428
20200129-h08m51s35	50.8425211548	46.9633210747	14.1764698019
20200129-h08m53s57	50.8463523056	46.964146657	14.1501679389
20200129-h08m56s17	50.8451104981	46.9696936275	14.1713913511
20200129-h08m58s40	50.8440260586	46.9641796322	14.1572000092
20200129-h09m01s00	50.8475723319	46.965781804	14.158680824
20200129-h09m03s24	50.8475152128	46.9622114955	14.1675681129
20200129-h09m05s45	50.8468984339	46.9643544884	14.1625592628
20200129-h09m08s09	50.8483525577	46.9623528573	14.1709281465
20200129-h09m10s30	50.8499741406	46.9623024526	14.1634664719
20200129-h09m12s52	50.8464018903	46.9625457232	14.1696321336
20200129-h09m15s13	50.8452315817	46.962325682	14.170474542
20200129-h09m17s36	50.8490788252	46.9657164388	14.1656912942
20200129-h09m19s56	50.8469231959	46.9628891343	14.1629624669
20200129-h09m22s19	50.8502178185	46.9622977311	14.1685137224
20200129-h09m24s40	50.8486879256	46.9629863153	14.1518455557
20200129-h09m27s01	50.8499553686	46.9636287461	14.1646544838
20200129-h09m29s23	50.8486065322	46.9617573107	14.1456342936
20200129-h09m31s45	50.8514213074	46.9636922052	14.164376081
20200129-h09m34s08	50.8521551995	46.9586384379	14.1690633279
20200129-h09m36s30	50.8508966311	46.9578277067	14.1804514418
20200129-h09m38s53	50.8501648505	46.956329412	14.178466622
20200129-h09m41s13	50.8542508587	46.9545790147	14.1676497138
20200129-h09m43s36	50.8513297632	46.9570724617	14.1614792521
20200129-h09m45s55	50.8519957979	46.9555312362	14.1615344527
20200129-h09m48s18	50.8528054722	46.9557229842	14.1570968083
20200129-h09m50s39	50.8563398406	46.9580736316	14.1531823692
20200129-h09m53s02	50.8553697325	46.956810702	14.164767285
20200129-h09m55s22	50.8529859549	46.9549958767	14.1618128555
20200129-h09m57s46	50.8552379467	46.9543621308	14.1670809082
20200129-h10m00s13	50.8565542611	46.9565731556	14.1572048094
20200129-h10m02s35	50.8564146896	46.9532567325	14.1589832272
20200129-h10m04s55	50.8581496224	46.952743128	14.1593840312
20200129-h10m07s17	50.8537664756	46.9507352662	14.1630152675
20200129-h10m09s39	50.8582138609	46.9512367532	14.1710241476
20200129-h10m12s01	50.8570471353	46.9472539133	14.1724425618
20200129-h10m14s24	50.8563522088	46.9480831959	14.148958327
20200129-h10m16s49	50.8564468117	46.9492509529	14.1712329497
20200129-h10m19s14	50.8595744067	46.9458908568	14.1702945403
20200129-h10m21s39	50.8570859533	46.9461148626	14.1653144905
20200129-h10m24s06	50.8592005887	46.9455290706	14.1588320257
20200129-h10m26s27	50.8596443003	46.9459293625	14.1635816732
20200129-h10m28s50	50.8554257638	46.9461776764	14.156360001
20200129-h10m31s11	50.8587004938	46.9449200751	14.1700089375
20200129-h10m33s33	50.8596177062	46.9435834271	14.1643328807
20200129-h10m35s53	50.8614719547	46.9448804357	14.1699705371
20200129-h10m38s18	50.859838006	46.9431635261	14.1623264607
20200129-h10m40s42	50.8580042713	46.9431770824	14.1627512649
20200129-h10m43s05	50.8552749453	46.9464828589	14.1572192096
20200129-h10m45s31	50.8575141158	46.945107886	14.1710505479
20200129-h10m47s57	50.8580900186	46.9426276497	14.1465823032
20200129-h10m49s49	50.8588662145	46.9435122988	14.1677721151
20200129-h10m52s33	50.8561346641	46.9420208494	14.1671217086
20200129-h10m55s10	50.8574131308	46.9402991173	14.1641528789
20200129-h10m56s34	50.8560088537	46.9398486364	14.1686961243
20200129-h10m59s12	50.8570777421	46.9414015643	14.1593480308
20200129-h11m01s48	50.8553314096	46.9422550614	14.1655616929
20200129-h11m04s25	50.8543548676	46.9394523521	14.1717081544
20200129-h11m07s03	50.8578287466	46.9415933839	14.1846562839
20200129-h11m09s37	50.85627067	46.9416321227	14.1702537399
20200129-h11m12s13	50.8557990516	46.9411051409	14.1664929023
20200129-h11m14s52	50.8532288197	46.9447505304	14.1599144365
20200129-h11m17s30	50.851896094	46.943888346	14.1700353377
20200129-h11m20s05	50.8523259868	46.9454240995	14.1629432668
20200129-h11m22s24	50.8507049916	46.9463511646	14.170568143
20200129-h11m24s55	50.8527410115	46.9464148005	14.1745017823
20200129-h11m27s33	50.8510842691	46.9441577851	14.1825874632
20200129-h11m30s07	50.8490058385	46.9469505507	14.1784522218
20200129-h11m32s46	50.8482601758	46.9481657385	14.1681873192
20200129-h11m35s22	50.8489906977	46.9474763951	14.1621128585
20200129-h11m38s01	50.8485324666	46.9483081432	14.1586496239
20200129-h11m40s37	50.8510194715	46.9480738478	14.1686889243
20200129-h11m43s13	50.8458188588	46.9473040969	14.1720033574
20200129-h11m45s50	50.8480570328	46.9496041561	14.1627704651
20200129-h11m48s26	50.8468555612	46.9488694763	14.16125605
20200129-h11m51s04	50.8463130699	46.9489426448	14.1621992594
20200129-h11m53s23	50.8461334443	46.9512522926	14.1577328147
20200129-h11m55s53	50.8435069178	46.9503368637	14.1772570099
20200129-h11m58s44	50.8455287039	46.9493628305	14.1813874512
20200129-h12m01s15	50.8424422942	46.949313098	14.1725385627
20200129-h12m03s47	50.8448434551	46.9472486421	14.1756945943
20200129-h12m06s18	50.8442091554	46.947778213	14.1756393937
20200129-h12m08s51	50.8442605424	46.950439673	14.1746481838
20200129-h12m11s22	50.8409363415	46.9492009016	14.162564063
20200129-h12m14s01	50.8435537966	46.9513660045	14.1729057664
20200129-h12m16s34	50.8424890391	46.9533099032	14.1712281496
20200129-h12m19s05	50.8420610053	46.9527471048	14.1758433958
20200129-h12m21s39	50.8438564538	46.9544325341	14.1649736871
20200129-h12m24s05	50.8438948439	46.954660208	14.1861826992
20200129-h12m26s22	50.8439540199	46.9493133708	14.171362551
20200129-h12m29s01	50.8421047007	46.9542639679	14.1773218106
20200129-h12m31s35	50.8430144343	46.9520628881	14.1675417128
20200129-h12m34s10	50.8457760185	46.9507338652	14.1829906673
20200129-h12m36s44	50.8435505183	46.9511764592	14.1707145445
20200129-h12m39s19	50.8448204608	46.9570293538	14.175867396
20200129-h12m41s52	50.8441247878	46.9540193496	14.1830986683
20200129-h12m44s26	50.8441901046	46.9520749388	14.1654944923
20200129-h12m47s00	50.8497043182	46.9571134101	14.1758025954
20200129-h12m49s34	50.8469875564	46.9538873181	14.1728865662
20200129-h12m52s09	50.8458030006	46.9544443383	14.1711801491
20200129-h12m54s35	50.8423731654	46.956808852	14.1817618549
20200129-h12m56s53	50.846163812	46.9579808232	14.1841210785
20200129-h12m59s32	50.8433742815	46.9553421709	14.1781618189
20200129-h13m02s11	50.8462428282	46.9571147704	14.1633320706
20200129-h13m04s46	50.8419288727	46.9591367548	14.1830818681
20200129-h13m07s20	50.8462336304	46.9552376879	14.1810010473
20200129-h13m09s55	50.8442534356	46.952647957	14.1857986953
20200129-h13m12s30	50.8487765386	46.9542588533	14.1772330096
20200129-h13m15s11	50.8492039773	46.9532964233	14.1796354336
20200129-h13m17s49	50.8469214825	46.9594490968	14.1667161044
20200129-h13m20s30	50.8488812703	46.9555867519	14.1677697149
20200129-h13m23s13	50.8496871837	46.9525424349	14.1653720909
20200129-h13m25s46	50.8527414062	46.9557419118	14.1695313325
20200129-h13m28s10	50.8489168272	46.9538047865	14.168477722
20200129-h13m30s28	50.8468347409	46.9564143455	14.1756561938
20200129-h13m32s58	50.8491735416	46.9522787622	14.1834442717
20200129-h13m35s41	50.8486979633	46.9515868633	14.1755121924
20200129-h13m38s25	50.8485271036	46.9528230458	14.1756969942
20200129-h13m41s15	50.8526467437	46.955187806	14.1840226775
20200129-h13m43s58	50.854793946	46.9501249135	14.1872123094
20200129-h13m46s42	50.8525957833	46.9528519949	14.174974587
20200129-h13m49s26	50.8529744868	46.9514225336	14.1734025713
20200129-h13m52s09	50.8540987936	46.9500615367	14.1893075303
20200129-h13m54s52	50.8527380888	46.9470565242	14.1737529748
20200129-h13m57s35	50.8565155362	46.9516917196	14.1678033153
20200129-h14m00s13	50.8532810594	46.9495332565	14.1732057693
20200129-h14m02s35	50.8524914557	46.9480730635	14.1718305555
20200129-h14m04s52	50.8582198094	46.9496173633	14.18427948
20200129-h14m07s46	50.8575756895	46.9453126888	14.1764914021
20200129-h14m10s31	50.855443665	46.9484296047	14.1700569378
20200129-h14m13s15	50.856144911	46.9484806871	14.1837394746
20200129-h14m16s01	50.8586405935	46.9477113352	14.1667065043
20200129-h14m18s36	50.8577036849	46.9475273596	14.1581360186
20200129-h14m21s18	50.8609656101	46.9474940866	14.1925403626
20200129-h14m24s01	50.8606377378	46.9454430722	14.1795874331
20200129-h14m26s45	50.8591132104	46.9483852612	14.1804346416
20200129-h14m29s28	50.8575111385	46.9421753074	14.168974527
20200129-h14m32s01	50.8622719616	46.9459190024	14.1656936942
20200129-h14m34s39	50.8631234807	46.9447985737	14.1694113314
20200129-h14m37s00	50.8594272573	46.943654771	14.1617576549
20200129-h14m39s18	50.8604332067	46.9436007477	14.1815890532
20200129-h14m42s01	50.8596064834	46.9419080711	14.1758841962
20200129-h14m44s41	50.861303845	46.9429751017	14.1762129995
20200129-h14m47s20	50.860239344	46.942623076	14.1609272466
20200129-h14m49s59	50.8586485604	46.945804326	14.1813538509
20200129-h14m52s37	50.8626765936	46.9423604866	14.1741561789
20200129-h14m55s23	50.860814921	46.9457679171	14.1680337177
20200129-h14m58s01	50.8620781627	46.941330205	14.1633992714
20200129-h15m00s39	50.859748934	46.9409025087	14.1625808632
20200129-h15m03s18	50.8610510657	46.9441132386	14.1753849912
20200129-h15m06s00	50.8610130081	46.9402136658	14.1723297606
20200129-h15m08s22	50.8620728263	46.9396900082	14.1683385207
20200129-h15m10s49	50.8613702326	46.9413449565	14.1664305016
20200129-h15m13s29	50.8627321287	46.9390620981	14.1585896232
20200129-h15m16s08	50.861495274	46.9418816445	14.1613808511
20200129-h15m18s46	50.8640510481	46.9410275449	14.1745449827
20200129-h15m21s23	50.8618360626	46.9394058243	14.1679329166
20200129-h15m24s04	50.8607731334	46.9359463369	14.1627656649
20200129-h15m26s42	50.8608599452	46.9414239491	14.1624944622
20200129-h15m29s20	50.8626224848	46.9409347654	14.1758073953
20200129-h15m31s59	50.8633917543	46.9379211927	14.1675297125
20200129-h15m34s45	50.8613162194	46.9392383176	14.1681417186
20200129-h15m37s29	50.8602387528	46.9429983037	14.1646640838
20200129-h15m39s49	50.861406713	46.9403419474	14.1703929411
20200129-h15m42s03	50.8576034713	46.942673246	14.1754497917
20200129-h15m44s29	50.8595846964	46.9407425658	14.1642584798
20200129-h15m47s09	50.8596566256	46.9449552589	14.162580863
20200129-h15m49s48	50.86008675	46.9432730818	14.1656216934
20200129-h15m52s28	50.8550677116	46.9465267432	14.1672033092
20200129-h15m55s06	50.8543599733	46.944994797	14.1679305165
20200129-h15m57s45	50.8573144193	46.9465346897	14.1893075303
20200129-h16m00s23	50.8596259754	46.9417212118	14.1854074913
20200129-h16m03s02	50.853274579	46.9468050675	14.1734241715
20200129-h16m05s40	50.8605187853	46.9500382225	14.1805114424
20200129-h16m08s20	50.8563719321	46.9458463084	14.1792226295
20200129-h16m11s28	50.8566077483	46.9488157666	14.1698313356
20200129-h16m13s52	50.8555944549	46.9520282911	14.1739281766
20200129-h16m16s05	50.8547520746	46.9492075637	14.1881627189
20200129-h16m18s43	50.855283212	46.946259258	14.1721617589
20200129-h16m21s21	50.8544443815	46.9485952536	14.1674601119
20200129-h16m24s00	50.8542051617	46.9494568573	14.1669201065
20200129-h16m26s39	50.8569302531	46.9534213455	14.1695961333
20200129-h16m29s20	50.8563845467	46.9497526961	14.1880739181
20200129-h16m31s58	50.8548715826	46.9481241101	14.1769450068
20200129-h16m34s37	50.856723394	46.9539934519	14.1896579339
20200129-h16m37s17	50.8580308542	46.9508290862	14.1888779261
20200129-h16m39s54	50.851886517	46.948536261	14.184968287
20200129-h16m42s37	50.8563516802	46.9519011937	14.18327147
20200129-h16m44s57	50.855029896	46.9531291236	14.1723537608
20200129-h16m47s11	50.8557440899	46.9522466909	14.1781978192
20200129-h16m49s36	50.8558680996	46.9524758224	14.1790354276
20200129-h16m52s28	50.8564360943	46.9514373425	14.1753465907
20200129-h16m55s07	50.8554122551	46.9526238545	14.1629648669
20200129-h16m57s46	50.8541437238	46.954178693	14.179071428
20200129-h17m00s26	50.8598048716	46.9539269435	14.1920147574
20200129-h17m03s06	50.8548349745	46.9534232164	14.1765226025
20200129-h17m05s44	50.8553162578	46.952119063	14.1734481718
20200129-h17m08s23	50.8564621963	46.9536260761	14.1804970423
20200129-h17m11s01	50.8583212623	46.9523943401	14.1830002673
20200129-h17m13s41	50.8590457371	46.9507987174	14.1694377317
20200129-h17m16s14	50.860701831	46.9531412368	14.1750993883
20200129-h17m18s31	50.8572277832	46.9506283197	14.1796282336
20200129-h17m21s11	50.8612905545	46.9490189677	14.1788098254
20200129-h17m23s49	50.8547537324	46.9472593801	14.1803578409
20200129-h17m26s27	50.8613467008	46.9495507932	14.1749265866
20200129-h17m28s56	50.8599251473	46.94830386	14.1773962113
20200129-h17m31s39	50.8615028767	46.9496891883	14.1880451178
20200129-h17m34s19	50.8647377236	46.9460397662	14.1870827082
20200129-h17m36s58	50.8551178454	46.9495915702	14.1649568869
20200129-h17m39s37	50.8609480417	46.9499427156	14.1951419888
20200129-h17m42s17	50.8617692693	46.9460890611	14.1753489909
20200129-h17m44s57	50.8604364479	46.9474876039	14.1837082745
20200129-h17m47s27	50.8611970983	46.9496772532	14.1832786702
20200129-h17m49s48	50.8611803198	46.9505131963	14.1815146526
20200129-h17m52s15	50.8625375471	46.9459101707	14.1845698832
20200129-h17m54s54	50.8619145611	46.9472027436	14.1955787933
20200129-h17m57s33	50.8626888645	46.9500846476	14.1916163537
20200129-h18m00s11	50.862747027	46.9465946105	14.1852346899
20200129-h18m02s49	50.8639600242	46.9486192662	14.1756273938
20200129-h18m05s28	50.8616682078	46.9486714172	14.1741273788
20200129-h18m08s11	50.8641884327	46.9487446165	14.1833602711
20200129-h18m10s55	50.8635156052	46.9466950103	14.1823834613
20200129-h18m13s35	50.8660737346	46.945865166	14.1835090726
20200129-h18m16s14	50.8638247955	46.9462667391	14.1714009515
20200129-h18m18s58	50.865138215	46.9479631039	14.1848386859
20200129-h18m21s18	50.8669099886	46.9492993496	14.1797914354
20200129-h18m23s32	50.8696525382	46.9468502084	14.1777442149
20200129-h18m26s12	50.8683235852	46.9448726804	14.1903227407
20200129-h18m28s53	50.8689033804	46.9451913865	14.1829042665
20200129-h18m31s33	50.867928168	46.9481019967	14.1798346358
20200129-h18m34s14	50.8686150285	46.9464890215	14.1930851683
20200129-h18m36s53	50.8718382655	46.9469698399	14.1811930494
20200129-h18m39s32	50.8673745243	46.9465060131	14.1792898304
20200129-h18m42s11	50.8716972816	46.9468521928	14.1759609971
20200129-h18m44s50	50.8639241122	46.9417533488	14.1871187087
20200129-h18m47s29	50.8699992007	46.9459630659	14.1851050886
20200129-h18m50s16	50.8713750337	46.9435599415	14.1886259238
20200129-h18m52s38	50.8683330697	46.9416657924	14.1927275648
20200129-h18m54s57	50.8701027701	46.9419129569	14.1926147637
20200129-h18m57s14	50.8687787156	46.9434678447	14.1909371469
20200129-h18m59s56	50.8679876306	46.9410292986	14.1692289298
20200129-h19m02s37	50.8696014765	46.941403409	14.1824602621
20200129-h19m05s17	50.8719592373	46.9413645461	14.1790738282
20200129-h19m07s56	50.8695731111	46.9429805359	14.1778954164
20200129-h19m10s36	50.872748554	46.9432059065	14.1942803802
20200129-h19m13s17	50.8701361324	46.9400644575	14.1662120995
20200129-h19m15s57	50.8704757278	46.9396778289	14.1778882163
20200129-h19m18s36	50.8708432256	46.9436240308	14.2001868393
20200129-h19m21s22	50.8680490779	46.9389895874	14.1925475629
20200129-h19m24s11	50.869075873	46.9393913148	14.181860256
20200129-h19m26s36	50.8696889647	46.94139633	14.1964404018
20200129-h19m28s54	50.8712344237	46.940267804	14.1777514149
20200129-h19m31s26	50.8708358052	46.9420429053	14.1807970454
20200129-h19m34s18	50.8690097408	46.9390803038	14.1818842563
20200129-h19m37s01	50.8711136252	46.9422071143	14.1697809353
20200129-h19m39s45	50.8700295659	46.9422756307	14.1780154176
20200129-h19m42s30	50.8719065354	46.9373782452	14.1788674261
20200129-h19m45s14	50.8699719836	46.9413199829	14.1804394418
20200129-h19m47s58	50.8693219541	46.9410705306	14.1710241476
20200129-h19m50s42	50.8700468125	46.9398354531	14.1880187175
20200129-h19m53s27	50.8690668329	46.9397740432	14.1788482258
20200129-h19m56s11	50.8665080118	46.9388564604	14.1830410677
20200129-h19m58s50	50.8691978587	46.9427122573	14.1823186605
20200129-h20m01s13	50.8691175751	46.9412781246	14.1884027213
20200129-h20m03s31	50.8679177957	46.9384774933	14.1908387457
20200129-h20m06s16	50.8674072382	46.9411878404	14.1770026073
20200129-h20m09s00	50.8705755319	46.9424417803	14.1713313506
20200129-h20m11s44	50.8643491796	46.9393510546	14.1895499328
20200129-h20m14s29	50.8645398077	46.9391517959	14.1829522668
20200129-h20m17s16	50.8627558045	46.9374233684	14.1976572138
20200129-h20m19s59	50.864679382	46.9392885358	14.1795154324
20200129-h20m22s43	50.862353145	46.9407388865	14.1828010653
20200129-h20m25s28	50.865701173	46.9427437496	14.1944195815
20200129-h20m28s12	50.8649929247	46.939893901	14.1897179345
20200129-h20m31s01	50.8603677322	46.9399501871	14.1918995563
20200129-h20m33s26	50.8619765941	46.9369977694	14.1868091054
20200129-h20m35s45	50.8593530566	46.9419457674	14.1808978463
20200129-h20m38s17	50.8602786683	46.940334278	14.1888587259
20200129-h20m40s57	50.8577738892	46.942364742	14.1935027723
20200129-h20m43s36	50.8617520721	46.9431893759	14.1969372066
20200129-h20m46s15	50.8554914718	46.9400229763	14.1709041463
20200129-h20m48s54	50.859772713	46.945003536	14.1799066363
20200129-h20m51s32	50.8552650458	46.9471194893	14.1763618009
20200129-h20m54s09	50.8545455043	46.9448185834	14.1998844361
20200129-h20m56s56	50.8568957973	46.9421457022	14.1954083913
20200129-h20m59s35	50.8540909856	46.9425678596	14.1787066243
20200129-h21m02s14	50.855839098	46.944204852	14.1833266705
20200129-h21m04s48	50.8542124957	46.9421646493	14.1879035163
20200129-h21m07s06	50.8542697575	46.9424757595	14.183576273
20200129-h21m09s47	50.854371947	46.9450099728	14.1823258605
20200129-h21m12s26	50.8559481811	46.9443436811	14.1720609579
20200129-h21m15s06	50.853243284	46.9468791478	14.1891419287
20200129-h21m17s46	50.8515730352	46.9438049144	14.1916259535
20200129-h21m20s25	50.8536244388	46.9404894295	14.1798586358
20200129-h21m23s03	50.8551167679	46.9461957312	14.1700881381
20200129-h21m25s43	50.8499425814	46.9468500178	14.1952283895
20200129-h21m28s22	50.8499225992	46.9437896368	14.1780562178
20200129-h21m31s01	50.8543122906	46.9454804808	14.1781402186
20200129-h21m33s40	50.850218803	46.9419446523	14.1798898361
20200129-h21m36s16	50.8504232921	46.9419357863	14.1749913871
20200129-h21m38s36	50.8534081322	46.940913777	14.1876995142
20200129-h21m40s58	50.8503288622	46.9440625624	14.1764602018
20200129-h21m43s39	50.8562638843	46.9389389134	14.1823138603
20200129-h21m46s19	50.8514430035	46.9408549298	14.188081118
20200129-h21m49s00	50.8555795615	46.9397632602	14.1868739059
20200129-h21m51s41	50.8510962575	46.9411181433	14.1871259084
20200129-h21m54s21	50.850128719	46.9384363589	14.1703233404
20200129-h21m57s04	50.8519093171	46.9417125162	14.1761913991
20200129-h21m59s45	50.8529900137	46.939515344	14.1821602588
20200129-h22m02s26	50.8535562076	46.9409223281	14.1791434286
20200129-h22m05s10	50.8553710255	46.941343736	14.1796642338
20200129-h22m07s59	50.8533146676	46.9359882766	14.1878699159
20200129-h22m10s21	50.8488428196	46.9402320154	14.183681874
20200129-h22m12s35	50.8531463588	46.9370547743	14.1718425556
20200129-h22m15s16	50.85544754	46.9419483112	14.1905075422
20200129-h22m17s57	50.8512197255	46.9376628225	14.1989964271
20200129-h22m20s36	50.8521489945	46.9364613085	14.1884051212
20200129-h22m23s25	50.8524606364	46.936777062	14.1883259204
20200129-h22m26s03	50.8495357908	46.9390163917	14.1816274534
20200129-h22m28s43	50.8515571564	46.9387543036	14.18029064
20200129-h22m31s22	50.8533854748	46.9402532723	14.1777154142
20200129-h22m34s01	50.8472408147	46.9395568656	14.1862234993
20200129-h22m36s40	50.8499643889	46.9360644595	14.1760737978
20200131-h15m17s12	50.9010703279	46.9346184907	14.1325205623
20200131-h15m18s47	50.9072288411	46.9403345075	14.1424734618
20200131-h15m24s15	50.9063498437	46.9380464462	14.1306725438
20200131-h15m32s33	50.9182433997	46.9614114926	14.1262012991
20200131-h15m38s27	50.904419749	46.9642865046	14.1146595837
20200131-h15m38s48	50.9073928408	46.9632174686	14.1407742448
20200131-h15m39s08	50.9073680968	46.961799236	14.1390582277
20200131-h15m49s43	50.9080069913	46.9601893864	14.1208492456
20200131-h16m08s36	50.9097016087	46.9635718287	14.1112371495
20200131-h16m10s13	50.9056329877	46.9625919304	14.1279245164
20200131-h16m12s52	50.9098789548	46.9643041253	14.1220228574
20200131-h16m15s29	50.9044878855	46.9647403827	14.1314093513
20200131-h16m17s48	50.9054214118	46.9599158556	14.1281237184
20200131-h16m20s04	50.9085111639	46.9613049716	14.1243916811
20200131-h16m22s20	50.9079049599	46.9629076255	14.1404262414
20200131-h16m24s36	50.9055315469	46.9607768969	14.1242572797
20200131-h16m27s10	50.9079021024	46.9618369197	14.1265925031
20200131-h16m29s43	50.9062244876	46.9638445664	14.1252604898
20200131-h16m32s21	50.9060759248	46.9624798489	14.1256372936
20200131-h16m34s59	50.9057249965	46.9632002418	14.1252844901
20200131-h16m37s15	50.9060921882	46.9642145518	14.1438966762
20200131-h16m39s32	50.9043347925	46.95914547	14.1318173554
20200131-h16m41s47	50.9074232497	46.962872543	14.1412854501
20200131-h16m44s07	50.904433528	46.9616586893	14.1322109594
20200131-h16m46s39	50.9068770383	46.9598721345	14.126472502
20200131-h16m49s11	50.9070368964	46.9604531278	14.1331853691
20200131-h16m51s49	50.9087283558	46.9604087778	14.1141027783
20200131-h16m54s29	50.9096532567	46.9584438438	14.1214588519
20200131-h16m56s44	50.9133103977	46.9565707546	14.1278069154
20200131-h16m59s02	50.9122918202	46.956454563	14.1313325507
20200131-h17m01s17	50.909668818	46.9599648943	14.122066058
20200131-h17m03s35	50.9111198744	46.9563547238	14.1231100684
20200131-h17m06s07	50.9121724456	46.9562523949	14.1225172625
20200131-h17m08s40	50.9146630126	46.9555626035	14.1260956983
20200131-h17m11s18	50.9133031356	46.9553592923	14.1277493148
20200131-h17m13s56	50.9125015654	46.9543226849	14.1264173015
20200131-h17m16s12	50.9135843258	46.9534018162	14.1288389257
20200131-h17m18s29	50.9139216309	46.9523823311	14.1287165245
20200131-h17m20s46	50.9142940625	46.9524794022	14.1308405457
20200131-h17m23s03	50.9125501254	46.9517583862	14.1285293226
20200131-h17m25s36	50.9149065613	46.9572781741	14.1294149315
20200131-h17m28s08	50.913670867	46.9513033751	14.1308189455
20200131-h17m30s45	50.9119489916	46.9509517801	14.1296885342
20200131-h17m33s24	50.9157830497	46.9497124807	14.1241036784
20200131-h17m35s44	50.914813365	46.951969553	14.1166180035
20200131-h17m38s01	50.9115150128	46.9470608407	14.145468692
20200131-h17m40s17	50.9115372586	46.9461277795	14.1300005373
20200131-h17m42s33	50.9096821549	46.948101446	14.1324509618
20200131-h17m45s06	50.9101956606	46.9474018895	14.1254020913
20200131-h17m47s38	50.9105696584	46.9488251361	14.1245116824
20200131-h17m50s14	50.9107910615	46.9467419022	14.1332549698
20200131-h17m52s51	50.9097847283	46.9446499186	14.1245644829
20200131-h17m55s06	50.9103766148	46.945406129	14.1237268745
20200131-h17m57s22	50.9092468599	46.9440001727	14.1423582608
20200131-h17m59s38	50.9057934837	46.9459931237	14.1157347946
20200131-h18m01s54	50.9054842298	46.9440339825	14.1216652539
20200131-h18m04s26	50.9061788224	46.9423394343	14.1260596978
20200131-h18m06s59	50.9054666124	46.9423811112	14.131082948
20200131-h18m09s36	50.9044185462	46.9424281409	14.1248644858
20200131-h18m12s13	50.9049029073	46.9398013476	14.1292253294
20200131-h18m14s29	50.9026735596	46.9416422045	14.1144675818
20200131-h18m16s44	50.8986195763	46.9449908719	14.1227116642
20200131-h18m19s01	50.9021777214	46.9425622481	14.1340373775
20200131-h18m21s16	50.9000733521	46.9401301367	14.1058058952
20200131-h18m23s48	50.8972830153	46.9456949978	14.1114675518
20200131-h18m26s20	50.8984866924	46.9450968086	14.1158283954
20200131-h18m28s57	50.89715985	46.9416285523	14.1092787299
20200131-h18m31s35	50.8921247327	46.9444524813	14.1197260344
20200131-h18m33s51	50.8934056744	46.9420987877	14.1235924731
20200131-h18m36s06	50.8927197904	46.9417780925	14.132585363
20200131-h18m38s22	50.8913453897	46.9408921555	14.133989377
20200131-h18m40s38	50.8918940922	46.9405511879	14.125092488
20200131-h18m43s11	50.8885433334	46.9424958074	14.1215620527
20200131-h18m45s43	50.8896983423	46.9405338175	14.119788435
20200131-h18m48s20	50.8889397662	46.9433067994	14.1226276634
20200131-h18m50s57	50.8881110565	46.9435507807	14.1252988901
20200131-h18m53s14	50.8864591312	46.9429729295	14.1295781329
20200131-h18m55s29	50.8844978464	46.9379176727	14.1434334715
20200131-h18m57s46	50.8846605947	46.9406490403	14.1345029822
20200131-h19m00s01	50.8845555173	46.9419542284	14.1367326045
20200131-h19m02s34	50.8846011545	46.9393309893	14.1233380706
20200131-h19m05s06	50.8812531222	46.9411564294	14.134380581
20200131-h19m07s45	50.8819657063	46.9418555047	14.1328373656
20200131-h19m10s23	50.8802605649	46.9420388208	14.1244492817
20200131-h19m12s42	50.8799757402	46.9411384686	14.1250708879
20200131-h19m14s58	50.8813370232	46.9406494459	14.1253708909
20200131-h19m17s15	50.8788976515	46.9411024433	14.1250036872
20200131-h19m19s34	50.8809475567	46.9412157594	14.1299981371
20200131-h19m22s10	50.8791691226	46.9428234129	14.1340037772
20200131-h19m24s47	50.8753960491	46.9391536076	14.1246364835
20200131-h19m27s30	50.8761421002	46.9432488481	14.1218692558
20200131-h19m30s12	50.8773659432	46.9432520882	14.1313661508
20200131-h19m32s34	50.8721353474	46.9398465643	14.1315749529
20200131-h19m35s10	50.8707793698	46.9406557497	14.1389070262
20200131-h19m37s32	50.8709456568	46.9411425568	14.1252196893
20200131-h19m40s01	50.8742587409	46.9418881699	14.1257980951
20200131-h19m42s38	50.8715903546	46.9430530935	14.1332501696
20200131-h19m45s17	50.8733136874	46.9430894944	14.1345053822
20200131-h19m48s01	50.8715052612	46.9436729204	14.137090208
20200131-h19m50s33	50.8681787539	46.9445441528	14.1307613447
20200131-h19m52s55	50.8733100346	46.9412128734	14.1358517956
20200131-h19m55s17	50.8720858866	46.9449843176	14.1160251973
20200131-h19m57s39	50.8715002293	46.9471667604	14.1226468635
20200131-h20m00s09	50.869267189	46.9474582169	14.1318701557
20200131-h20m02s46	50.8701302282	46.939554785	14.1412566496
20200131-h20m05s27	50.8725772186	46.9420394611	14.1387294243
20200131-h20m08s11	50.8670530144	46.9444906277	14.1341333783
20200131-h20m10s44	50.8722782012	46.9431467608	14.1356861938
20200131-h20m13s06	50.8710315741	46.9435657363	14.121110848
20200131-h20m15s28	50.8735215911	46.944543067	14.1349805867
20200131-h20m17s49	50.8749048336	46.9451965767	14.1167620045
20200131-h20m20s19	50.8717100951	46.9419442771	14.1449358862
20200131-h20m22s57	50.8707636584	46.9407460676	14.1285893227
20200131-h20m25s36	50.873723053	46.9408936728	14.1297245341
20200131-h20m28s20	50.8751840199	46.9411649326	14.1338789756
20200131-h20m30s52	50.8729672578	46.9410134967	14.1221692585
20200131-h20m33s14	50.8758963125	46.9415006755	14.1186484233
20200131-h20m35s37	50.8739469597	46.9403819204	14.1336893737
20200131-h20m37s59	50.8732709469	46.9411925023	14.1190852277
20200131-h20m40s27	50.8763943084	46.9438307586	14.1334397712
20200131-h20m43s01	50.8750973412	46.9413308747	14.1205684425
20200131-h20m45s38	50.8763923806	46.9397915384	14.1488767256
20200131-h20m48s18	50.8770233912	46.938088358	14.1438486753
20200131-h20m50s46	50.8751851106	46.9366369503	14.1211612484
20200131-h20m53s03	50.8778167962	46.9414309144	14.1234628714
20200131-h20m55s20	50.8783769308	46.9395883239	14.1402654394
20200131-h20m57s37	50.8764783688	46.9394721947	14.1182308191
20200131-h21m00s01	50.878060259	46.9388685095	14.1292733295
20200131-h21m02s33	50.8780969076	46.9395976529	14.1293669304
20200131-h21m05s09	50.8777463051	46.9363976759	14.1325853626
20200131-h21m07s46	50.880035687	46.9393398594	14.1204532413
20200131-h21m10s12	50.8767674356	46.9419591093	14.1223132599
20200131-h21m12s29	50.8797446187	46.9377140345	14.1437478742
20200131-h21m14s43	50.8781309159	46.9360131974	14.1276125128
20200131-h21m16s59	50.879682519	46.9398049214	14.1361733984
20200131-h21m19s25	50.8786383357	46.936998327	14.126633303
20200131-h21m21s58	50.880284779	46.9377949981	14.1197236339
20200131-h21m24s34	50.879111723	46.9389501179	14.1271133078
20200131-h21m27s10	50.8794025527	46.9407663291	14.1308741454
20200131-h21m29s38	50.8783980215	46.9350019523	14.1221788584
20200131-h21m31s53	50.8812899135	46.937600883	14.1154323909
20200131-h21m34s14	50.8808339133	46.9370225264	14.1327725643
20200131-h21m37s03	50.878527949	46.9351291119	14.1294533311
20200131-h21m39s53	50.8787355629	46.9350075789	14.1197500341
20200131-h21m42s42	50.8757537846	46.9340264894	14.1320837574
20200131-h21m45s20	50.8790232982	46.9334705004	14.1213916505
20200131-h21m48s10	50.8782645277	46.9347332338	14.1238804754
20200131-h21m50s57	50.8802457829	46.9350808163	14.122841265
20200131-h21m53s31	50.8773357983	46.9350738905	14.1120051566
20200131-h21m56s13	50.877460082	46.9347004208	14.1136395729
20200131-h21m58s54	50.8772031619	46.9355472313	14.1147747843
20200131-h22m01s40	50.8794490452	46.9326055315	14.1337133737
20200131-h22m04s28	50.8768626587	46.9317318781	14.1320645572
20200131-h22m07s15	50.8751308004	46.9324718311	14.1200092366
20200131-h22m09s30	50.8766546867	46.9331487852	14.1271349079
20200131-h22m11s45	50.8727633285	46.9344764736	14.1260716973
20200131-h22m14s09	50.872921055	46.9320157499	14.1332213688
20200131-h22m16s42	50.8744056264	46.9343691291	14.1246940835
20200131-h22m19s18	50.8732724952	46.9327232513	14.133043767
20200131-h22m21s55	50.8720128039	46.9319818383	14.1383982205
20200131-h22m24s22	50.8725422169	46.9345643435	14.1194164307
20200131-h22m26s39	50.8684202758	46.9351996143	14.1175180117
20200131-h22m28s56	50.867159241	46.9332353349	14.135443791
20200131-h22m31s12	50.8673985621	46.933453652	14.1282317189
20200131-h22m33s37	50.8695372394	46.93488124	14.1238324749
20200131-h22m36s10	50.8691184152	46.9352881767	14.1236188728
20200131-h22m38s46	50.8666918801	46.9344630371	14.1330917675
20200131-h22m41s24	50.8600163686	46.9361680594	14.1439950765
20200131-h22m43s51	50.8626882448	46.9342620023	14.1245524821
20200131-h22m46s07	50.8622894362	46.9356911207	14.1190348269
20200131-h22m48s23	50.8620808515	46.9387768605	14.1483895204
20200131-h22m50s39	50.8632632111	46.9356994785	14.1290909274
20200131-h22m53s04	50.8574681876	46.9362046392	14.1325349618
20200131-h22m55s37	50.8544636048	46.9403242615	14.1219340558
20200131-h22m58s12	50.8606290247	46.9410114359	14.1198724352
20200131-h23m00s51	50.8567953667	46.9371250731	14.1273725102
20200131-h23m03s18	50.8554875201	46.9390280472	14.1563528
20200131-h23m05s34	50.8541365562	46.9373565986	14.1244300808
20200131-h23m07s51	50.8574527178	46.9398593637	14.151048747
20200131-h23m10s07	50.856336659	46.9374961805	14.1192268288
20200131-h23m12s32	50.8562065699	46.9417434588	14.134646983
20200131-h23m15s04	50.8533149055	46.9370006396	14.129249329
20200131-h23m17s40	50.8507908923	46.9441653011	14.1363990005
20200131-h23m20s17	50.8530697542	46.941423808	14.1331325678
20200131-h23m22s45	50.8527560377	46.9394830722	14.1285221217
20200131-h23m25s01	50.8562250666	46.9439312057	14.124550082
20200131-h23m27s18	50.8490472821	46.9429088562	14.1422838593
20200131-h23m29s35	50.8520791797	46.9418791394	14.1227788643
20200131-h23m31s59	50.8540660292	46.9456619282	14.131450151
20200131-h23m34s33	50.8521508397	46.9405919395	14.1263789003
20200131-h23m37s09	50.8553762148	46.946693486	14.1267941045
20200131-h23m39s47	50.8569234253	46.9421261949	14.1299885364
20200131-h23m42s14	50.8525006922	46.9430059716	14.1392262288
20200131-h23m44s31	50.8547667897	46.9411928466	14.1266909034
20200131-h23m46s48	50.8566693531	46.9444265441	14.1345413819
20200131-h23m49s05	50.8548002765	46.9421693884	14.1153627901
20200131-h23m51s30	50.8578340574	46.941796271	14.1299381359
20200131-h23m54s05	50.8579228493	46.9411432368	14.1341165777
20200131-h23m56s40	50.8536226116	46.9412737154	14.1338021746
20200131-h23m59s19	50.8589954382	46.9417345877	14.1299645362
