20200602-h15m29s43	12.55659640906778	5.602820949532896	0.9200000000000017
20200602-h15m31s19	12.121758569311517	6.229774324027692	-11.685
20200602-h15m56s33	12.724242424242426	5.766666666666667	-11.89
20200602-h16m39s22	11.821566957643336	6.147072599513533	-25.0
20200602-h16m40s01	11.521566957643337	6.447072599513532	-10.865000000000002
20200602-h16m41s42	14.457000000000003	5.784	0.8449999999999989
20200602-h16m42s43	14.157000000000004	6.083999999999999	-0.15500000000000114
20200602-h17m55s27	13.605000000000002	5.813999999999999	-2.6849999999999987
20200602-h17m55s49	13.605000000000004	5.5139999999999985	-3.1849999999999987
20200602-h17m56s11	13.605000000000006	5.513999999999998	-3.1849999999999987
20200602-h18m06s57	13.605000000000008	5.8139999999999965	-0.6849999999999987
20200602-h18m07s17	13.90500000000001	5.813999999999996	0.8150000000000013
20200602-h18m09s40	14.205000000000013	5.813999999999995	2.8150000000000013
20200602-h18m12s44	14.505000000000015	5.813999999999994	4.315000000000001
20200603-h09m52s13	15.405000000000019	5.813999999999993	6.815000000000001
20200603-h09m52s31	15.40500000000002	6.113999999999992	8.815000000000001
20200603-h09m53s34	15.870000000000003	6.272999999999999	13.875
20200603-h09m53s54	16.170000000000005	6.572999999999998	14.875
20200603-h09m54s12	16.470000000000002	6.072999999999998	15.875
20200603-h09m54s32	16.57	6.172999999999998	15.875
20200603-h09m56s02	16.669999999999998	6.272999999999999	15.375
20200603-h12m38s10	15.807000000000004	6.074999999999999	11.909999999999997
20200603-h12m38s38	15.807000000000006	6.374999999999998	12.909999999999997
20200603-h12m40s29	16.107000000000006	6.0749999999999975	13.409999999999997
20200603-h12m51s35	16.107000000000006	5.774999999999997	13.409999999999997
20200603-h14m06s11	16.107000000000006	6.074999999999996	13.409999999999997
20200608-h12m39s23	14.545454545454549	6.3606060606060595	-0.9749999999999999
20200608-h12m39s44	14.54545454545455	6.660606060606058	-0.9749999999999996
20200608-h14m14s29	15.445454545454554	7.560606060606057	-0.9749999999999996
20200608-h14m16s08	12.124242424242425	6.975757575757576	-14.075
20200608-h14m16s27	12.124242424242427	6.975757575757575	-14.575
20200608-h14m16s46	12.124242424242428	6.675757575757574	-15.075
20200608-h14m41s18	14.851515151515153	6.672727272727273	-3.59
20200608-h14m41s49	14.551515151515154	6.072727272727272	-6.09
20200608-h14m42s08	14.551515151515156	6.372727272727271	-5.09
20200608-h15m11s15	14.851510000000003	5.77272	-4.59
20200608-h15m11s35	14.851510000000005	5.772719999999999	-4.59
20200608-h15m13s04	14.251510000000005	5.156999999999999	-13.155
20200608-h15m14s49	13.636363636363638	6.666666666666666	-12.655
20200608-h15m15s10	13.936363636363641	6.666666666666665	-12.155
20200608-h15m19s02	13.936363636363643	6.666666666666664	-10.655
20200608-h17m43s25	13.936363636363643	6.3666666666666645	-9.655
20200608-h17m43s46	13.936363636363645	6.666666666666663	-8.655
20200608-h17m44s11	14.236363636363647	6.6666666666666625	-7.654999999999999
20200608-h18m00s08	14.536363636363644	6.3666666666666645	-9.655
20200608-h18m00s29	14.236363636363645	6.366666666666664	-7.154999999999999
20200608-h18m01s28	14.580000000000002	6.683999999999999	-4.605
20200608-h18m01s47	14.580000000000004	6.683999999999998	-4.605
20200608-h18m26s15	13.936363636363643	6.3666666666666645	-9.655
20200608-h18m27s16	14.325000000000001	6.683999999999999	-6.805
20200609-h10m04s42	13.936363636363643	6.3666666666666645	-9.655
20200609-h10m05s03	13.936363636363645	6.666666666666663	-8.155
20200609-h10m05s35	14.236363636363647	6.6666666666666625	-6.654999999999999
20200609-h10m05s54	14.236363636363649	6.666666666666662	-7.154999999999999
20200609-h10m08s07	13.636363636363642	6.666666666666664	-10.155
20200609-h10m09s04	14.373000000000003	6.929999999999999	-6.305
20200609-h10m09s36	14.373000000000005	6.929999999999998	-5.805
20200609-h10m10s00	14.373000000000006	6.929999999999997	-5.805
20200609-h11m45s16	13.936363636363643	6.966666666666664	-11.155
20200609-h11m45s35	13.936363636363645	6.966666666666663	-11.155
20200609-h11m54s00	14.241000000000001	6.797999999999999	-7.645
20200610-h18m04s11	14.241000000000003	6.797999999999998	-6.645
20200610-h18m05s41	14.241000000000005	6.797999999999997	-7.145
20200610-h18m07s35	14.241000000000007	6.7979999999999965	-6.645
20200610-h18m08s59	14.241000000000009	6.797999999999996	-6.645
20200610-h18m13s03	14.24100000000001	6.797999999999995	-6.645
20200610-h18m20s21	14.241000000000012	6.797999999999994	-6.645
20200610-h18m24s19	14.241000000000014	6.797999999999993	-7.145
20200610-h18m28s29	14.241000000000016	6.797999999999992	-7.145
20200610-h18m29s44	14.241000000000017	6.797999999999991	-7.145
20200610-h18m31s16	14.24100000000002	6.79799999999999	-6.645
20200610-h18m32s14	14.241000000000021	6.797999999999989	-7.145
20200610-h18m37s50	14.241000000000023	7.097999999999988	-6.645
20200610-h18m41s27	14.241000000000025	7.097999999999987	-7.145
20200610-h18m48s11	14.541000000000027	6.497999999999987	-5.645
20200610-h18m51s43	14.541000000000029	6.497999999999986	-5.645
20200610-h18m54s49	14.54100000000003	6.497999999999985	-6.145
20200610-h18m56s24	14.541000000000032	6.497999999999984	-5.645
20200610-h18m57s22	14.541000000000034	6.497999999999983	-5.645
20200610-h18m58s00	14.541000000000036	6.4979999999999825	-6.145
20200610-h19m00s25	14.541000000000038	6.497999999999982	-5.645
20200612-h10m35s45	14.54100000000004	6.497999999999981	-4.645
20200612-h10m36s19	14.541000000000041	6.49799999999998	-4.645
20200612-h10m42s07	14.541000000000043	6.497999999999979	-5.645
20200612-h10m44s31	14.541000000000045	6.497999999999978	-6.145
20200612-h10m49s46	14.541000000000047	6.497999999999977	-5.645
20200612-h10m52s02	14.541000000000048	6.497999999999976	-6.145
20200612-h11m00s45	13.636363636363642	6.666666666666664	-10.155
20200612-h11m01s04	13.936363636363645	6.666666666666663	-9.655
20200612-h11m01s49	13.936363636363646	6.6666666666666625	-9.155
20200612-h11m02s44	13.936363636363648	6.9666666666666615	-8.655
20200612-h11m03s10	13.93636363636365	6.966666666666661	-8.655
20200612-h11m04s02	13.936363636363652	6.96666666666666	-8.655
20200612-h11m06s17	13.936363636363653	6.966666666666659	-8.155
20200612-h12m08s13	14.536363636363657	6.666666666666658	-5.654999999999999
20200612-h12m10s08	14.536363636363644	6.3666666666666645	-9.655
20200612-h12m11s01	14.236363636363645	6.366666666666664	-7.154999999999999
20200612-h12m12s20	14.643	6.771	-3.9800000000000004
20200612-h12m12s51	14.643000000000002	6.770999999999999	-3.9800000000000004
20200612-h12m13s57	14.643000000000004	6.770999999999998	-3.9800000000000004
20200612-h12m14s50	14.643000000000006	6.770999999999997	-3.4800000000000004
20200612-h12m16s05	14.643000000000008	6.770999999999996	-3.4800000000000004
20200612-h12m17s14	14.94300000000001	6.7709999999999955	-3.4800000000000004
20200612-h12m19s37	14.943000000000012	7.070999999999994	-2.4800000000000004
20200612-h12m21s14	14.943000000000014	7.0709999999999935	-2.4800000000000004
20200612-h12m25s20	14.943000000000016	7.070999999999993	-2.4800000000000004
20200612-h12m26s26	14.943000000000017	7.070999999999992	-2.4800000000000004
20200612-h12m27s29	14.94300000000002	7.070999999999991	-2.9800000000000004
20200612-h12m29s14	14.64300000000002	7.07099999999999	-3.4800000000000004
20200612-h12m31s34	14.643000000000022	7.070999999999989	-3.9800000000000004
20200612-h12m34s14	14.643000000000024	7.070999999999988	-3.9800000000000004
20200612-h12m36s36	14.643000000000026	7.070999999999987	-3.9800000000000004
20200612-h12m39s32	14.643000000000027	7.070999999999986	-3.9800000000000004
20200612-h12m41s58	14.643000000000029	7.0709999999999855	-4.48
20200612-h12m44s14	14.64300000000003	7.070999999999985	-4.48
20200612-h13m10s01	14.643000000000033	7.070999999999984	-4.98
20200612-h13m12s20	14.643000000000034	7.070999999999983	-4.98
20200612-h13m16s05	14.643000000000036	7.070999999999982	-4.98
20200612-h13m17s47	14.643000000000038	7.070999999999981	-4.98
20200612-h13m19s28	14.64300000000004	7.07099999999998	-5.48
20200612-h13m21s11	14.34300000000004	7.070999999999979	-5.48
20200612-h13m22s54	14.343000000000043	7.070999999999978	-5.48
20200612-h13m24s35	14.343000000000044	7.0709999999999775	-5.98
20200612-h13m26s31	14.343000000000046	7.070999999999977	-5.48
20200612-h13m28s15	14.343000000000048	7.070999999999976	-5.48
20200612-h13m29s45	14.34300000000005	7.070999999999975	-5.98
20200612-h13m31s26	14.343000000000051	7.070999999999974	-5.48
20200612-h13m33s13	14.343000000000053	7.070999999999973	-5.98
20200612-h13m34s41	14.343000000000055	7.070999999999972	-5.48
20200612-h14m47s50	14.643000000000058	6.7709999999999715	-4.98
20200612-h15m00s07	14.64300000000006	6.770999999999971	-4.98
20200612-h15m00s50	14.643000000000061	7.0709999999999695	-4.48
20200612-h15m02s19	14.643000000000063	7.070999999999969	-3.9800000000000004
20200612-h15m04s13	14.643000000000065	7.070999999999968	-4.48
20200612-h15m08s23	14.643000000000066	7.070999999999967	-4.98
20200612-h15m14s54	14.643000000000068	7.070999999999966	-4.48
20200612-h15m30s58	14.64300000000007	7.070999999999965	-4.98
20200612-h15m32s40	14.643000000000072	7.070999999999964	-4.98
20200612-h15m35s31	14.643000000000074	7.070999999999963	-4.98
20200612-h15m37s13	14.643000000000075	7.070999999999962	-4.98
20200612-h15m38s55	14.643000000000077	7.0709999999999615	-4.98
20200612-h15m42s45	14.643000000000079	7.070999999999961	-4.48
20200612-h15m44s25	14.64300000000008	7.07099999999996	-5.48
20200612-h15m46s05	14.343000000000082	7.070999999999959	-5.98
20200612-h15m47s46	14.343000000000083	7.070999999999958	-5.98
20200612-h15m49s29	14.343000000000085	7.070999999999957	-5.48
20200612-h15m52s43	14.643000000000088	6.470999999999957	-4.48
20200612-h15m55s03	14.64300000000009	6.470999999999956	-4.98
20200612-h15m56s47	14.643000000000091	6.470999999999955	-4.98
20200612-h15m58s30	14.343000000000092	6.470999999999954	-5.98
20200612-h16m00s17	14.343000000000094	6.470999999999953	-5.98
20200612-h16m02s01	14.343000000000096	6.470999999999952	-6.48
20200612-h16m03s31	14.343000000000098	6.470999999999951	-5.98
20200612-h16m05s10	14.3430000000001	6.47099999999995	-6.48
20200612-h16m07s04	14.343000000000101	6.4709999999999495	-6.48
20200612-h16m11s20	14.343000000000103	6.470999999999949	-6.48
20200612-h16m12s48	14.343000000000105	6.470999999999948	-6.48
20200612-h16m14s29	14.343000000000107	6.470999999999947	-5.98
20200612-h16m16s09	14.343000000000108	6.470999999999946	-5.98
20200612-h16m17s48	14.34300000000011	6.470999999999945	-6.48
20200612-h16m30s56	14.943000000000113	6.470999999999944	-5.48
20200612-h16m32s39	15.243000000000116	7.370999999999943	-3.4800000000000004
20200612-h16m34s18	15.843000000000119	6.770999999999942	-2.9800000000000004
20200612-h16m37s02	15.24300000000012	7.370999999999941	-2.4800000000000004
20200612-h16m38s46	15.543000000000122	6.470999999999941	-4.48
20200612-h16m39s53	15.543000000000124	5.87099999999994	-4.48
20200612-h16m41s52	14.943000000000124	6.470999999999939	-5.98
20200612-h16m46s00	14.643000000000125	6.770999999999938	-4.48
20200612-h17m27s31	14.643000000000127	7.070999999999937	-4.48
20200612-h17m29s49	14.643000000000129	7.070999999999936	-4.48
20200612-h17m31s47	14.64300000000013	7.070999999999935	-4.48
20200612-h18m02s09	14.643000000000132	6.470999999999934	-4.48
20200612-h18m04s07	14.643000000000134	6.770999999999933	-4.48
20200612-h18m05s52	14.643000000000136	6.470999999999933	-5.48
20200612-h18m07s29	14.343000000000137	6.470999999999932	-5.48
20200612-h18m08s49	14.343000000000139	6.470999999999931	-5.98
20200612-h18m10s47	14.34300000000014	6.47099999999993	-6.48
20200612-h18m12s35	14.343000000000142	6.470999999999929	-5.98
20200612-h18m14s13	14.343000000000144	6.470999999999928	-6.48
20200615-h11m10s00	14.343000000000146	6.770999999999927	-5.98
20200615-h11m11s57	14.343000000000147	6.770999999999926	-5.98
20200615-h11m13s43	14.34300000000015	6.770999999999925	-5.48
20200615-h11m16s11	15.243000000000153	5.870999999999925	-5.98
20200615-h11m17s41	15.243000000000155	6.170999999999924	-3.9800000000000004
20200615-h11m26s40	14.643000000000155	6.770999999999923	-1.9800000000000004
20200615-h11m31s04	14.043000000000156	7.670999999999921	-0.9800000000000004
20200615-h11m33s39	13.143000000000155	7.070999999999921	-0.9800000000000004
20200615-h11m35s34	13.443000000000158	7.670999999999919	-0.9800000000000004
20200615-h11m46s16	14.343000000000162	7.970999999999918	0.019999999999999574
20200615-h12m08s34	13.443000000000161	8.570999999999916	0.019999999999999574
20200615-h12m18s32	12.543000000000161	7.970999999999916	-1.9800000000000004
20200615-h12m35s35	11.943000000000161	7.970999999999915	0.019999999999999574
20200615-h12m38s38	11.343000000000162	8.570999999999913	-0.9800000000000004
20200615-h14m05s41	14.536363636363644	5.766666666666665	-12.155
20200615-h14m18s15	14.536363636363646	6.366666666666664	-9.655
20200615-h14m19s32	14.859000000000002	6.741	-5.725000000000001
20200615-h14m19s59	14.859000000000004	6.740999999999999	-6.225000000000001
20200615-h14m20s28	14.859000000000005	6.740999999999998	-5.725000000000001
20200615-h14m21s10	14.859000000000007	6.740999999999997	-5.725000000000001
20200615-h14m22s43	14.859000000000009	6.740999999999996	-5.225000000000001
20200616-h09m34s16	13.636363636363642	6.966666666666664	-10.155
20200616-h09m35s08	14.100000000000001	7.274999999999999	-7.32
20200616-h09m36s28	13.989	7.331999999999999	-9.489999999999998
20200616-h10m10s33	14.850000000000001	7.592999999999999	-1.0299999999999976
20200616-h10m10s51	14.850000000000003	7.592999999999998	-0.5299999999999976
20200616-h10m15s51	10.842000000000002	8.325000000000001	-5.029999999999998
20200616-h10m16s57	9.588000000000001	8.043	-10.594999999999999
20200616-h10m17s16	9.588000000000003	8.043	-11.594999999999999
20200616-h10m18s48	9.288000000000004	8.043	-12.094999999999999
20200616-h10m19s49	9.354000000000003	8.007000000000001	-12.795
20200616-h10m22s40	9.354000000000005	8.007000000000001	-13.795
20200616-h10m27s59	9.054000000000006	8.007000000000001	-15.295000000000002
20200616-h10m38s45	9.95400000000001	7.707000000000001	-17.295
20200616-h10m39s05	9.954000000000011	7.407	-17.795
20200616-h10m49s33	9.954000000000013	7.406999999999999	-17.295
20200616-h11m21s36	9.924000000000001	7.442999999999999	-17.869999999999997
20200616-h13m00s02	10.140000000000002	7.808999999999998	-13.765
20200616-h13m00s22	10.140000000000004	7.8089999999999975	-14.265
20200616-h13m40s38	10.140000000000006	7.808999999999997	-14.265
20200616-h13m51s38	9.954	7.697999999999999	-15.905000000000001
20200616-h13m51s59	9.954000000000002	7.697999999999998	-16.405
20200616-h14m29s19	10.254000000000005	7.397999999999997	-13.905000000000001
20200616-h14m29s36	10.554000000000007	7.397999999999996	-12.905000000000001
20200616-h14m29s54	10.55400000000001	7.397999999999995	-12.905000000000001
20200616-h14m42s35	10.554000000000011	7.697999999999994	-11.905000000000001
20200616-h14m42s57	10.554000000000013	7.697999999999993	-11.905000000000001
20200616-h14m57s24	10.590000000000002	7.4159999999999995	-13.530000000000001
20200616-h14m57s47	10.590000000000003	7.415999999999999	-13.030000000000001
20200616-h15m02s45	10.179	7.472999999999999	-14.375
20200616-h15m26s16	9.840000000000002	7.302	-17.835
20200616-h15m28s25	9.540000000000003	8.201999999999998	-15.835
20200616-h15m28s55	9.540000000000004	8.201999999999998	-16.335
20200616-h15m35s29	9.840000000000007	7.9019999999999975	-14.835
20200616-h15m36s23	10.215000000000003	8.175	-13.36
20200616-h15m42s47	10.215000000000005	8.175	-11.86
20200616-h15m44s23	10.515000000000008	8.175	-11.36
20200616-h15m51s57	10.51500000000001	8.175	-11.36
20200616-h16m10s45	9.91500000000001	8.175	-8.86
20200616-h16m11s04	9.915000000000012	8.175	-8.36
20200616-h16m11s40	10.215000000000014	8.175	-6.859999999999999
20200616-h16m12s16	10.215000000000016	8.175	-6.359999999999999
20200616-h16m12s48	10.215000000000018	8.175	-5.859999999999999
20200616-h16m15s31	10.947000000000003	7.725	-3.0249999999999986
20200616-h16m17s02	11.403000000000002	8.007000000000001	0.7650000000000006
20200616-h16m17s44	11.703000000000005	8.007000000000001	1.2650000000000006
20200616-h16m32s07	11.703000000000007	8.007000000000001	3.2650000000000006
20200616-h16m44s11	12.003000000000009	8.607	1.2650000000000006
20200616-h16m44s31	11.70300000000001	8.307	-0.23499999999999943
20200616-h16m45s39	11.703000000000012	8.306999999999999	-0.23499999999999943
20200616-h16m59s57	12.303000000000015	9.206999999999997	-1.7349999999999994
20200616-h17m00s27	11.703000000000015	9.807	-3.7349999999999994
20200616-h17m02s26	10.194	10.023000000000003	-5.73
20200616-h17m19s35	9.018	8.145	-16.685000000000002
20200616-h17m27s24	9.018000000000002	8.145	-17.685000000000002
20200616-h17m28s31	9.018000000000004	7.844999999999999	-18.685000000000002
20200616-h17m29s27	8.718000000000005	7.544999999999998	-19.685000000000002
20200616-h17m30s27	8.718000000000007	7.544999999999997	-19.185000000000002
20200616-h17m31s46	8.818000000000003	7.444999999999998	-19.185000000000002
20200616-h17m32s57	8.718	7.544999999999998	-19.685000000000002
20200616-h17m34s07	8.817999999999996	7.4449999999999985	-20.185000000000002
20200616-h17m35s48	8.717999999999993	7.544999999999999	-20.185000000000002
20200616-h17m38s21	8.608999999999996	7.645	-20.685000000000002
20200616-h17m41s33	8.708999999999996	7.545	-20.685000000000002
20200616-h17m43s48	8.808999999999992	7.6450000000000005	-21.185000000000002
20200617-h10m26s45	9.508999999999986	7.345000000000001	-18.685000000000002
20200617-h10m27s04	9.508999999999988	7.345	-16.185000000000002
20200617-h10m27s21	9.80899999999999	7.344999999999999	-14.685000000000002
20200617-h10m29s15	9.808999999999992	7.344999999999998	-14.185000000000002
20200617-h10m34s16	9.808999999999994	7.644999999999997	-13.685000000000002
20200617-h11m50s55	9.945000000000002	7.565999999999999	-15.905000000000001
20200617-h11m51s36	9.945000000000004	7.565999999999998	-15.405000000000001
20200617-h11m52s56	9.945000000000006	7.565999999999997	-15.405000000000001
20200617-h13m35s14	2.247	8.399999999999999	-12.219999999999999
20200617-h13m35s35	2.247	8.399999999999999	-10.219999999999999
20200617-h13m35s52	2.547	8.399999999999999	-9.719999999999999
20200617-h14m34s37	13.03636363636364	5.766666666666665	-14.655
20200617-h14m36s27	2.6129999999999995	7.164	-10.219999999999999
20200617-h14m40s46	2.612999999999999	7.163999999999999	-10.719999999999999
20200617-h14m45s59	2.612999999999999	7.463999999999999	-11.219999999999999
20200617-h14m56s31	2.612999999999999	7.7639999999999985	-11.719999999999999
20200617-h15m06s46	2.612999999999999	7.7639999999999985	-12.719999999999999
20200617-h15m07s02	2.312999999999999	7.463999999999998	-13.719999999999999
20200617-h15m07s28	2.312999999999999	7.463999999999997	-13.719999999999999
20200617-h15m09s22	2.312999999999999	7.163999999999996	-14.719999999999999
20200617-h15m12s15	2.312999999999999	7.463999999999995	-14.219999999999999
20200617-h15m14s58	2.312999999999999	7.163999999999994	-15.219999999999999
20200617-h15m35s47	2.912999999999999	7.7639999999999985	-12.219999999999999
20200617-h15m36s02	2.6129999999999987	7.463999999999998	-13.219999999999999
20200617-h15m36s51	2.612999999999998	7.463999999999997	-13.719999999999999
20200617-h15m39s55	2.312999999999998	7.463999999999996	-14.719999999999999
20200617-h15m42s21	2.612999999999998	7.163999999999995	-14.719999999999999
20200617-h15m45s00	2.6129999999999978	7.163999999999994	-14.719999999999999
20200617-h16m00s27	3.212999999999997	7.463999999999993	-12.219999999999999
20200617-h16m03s34	2.9129999999999967	7.463999999999992	-10.219999999999999
20200617-h16m10s33	3.212999999999996	7.4639999999999915	-9.219999999999999
20200617-h16m15s01	3.2129999999999956	7.463999999999991	-9.719999999999999
20200617-h16m17s41	3.212999999999995	7.46399999999999	-9.719999999999999
20200617-h16m21s39	2.912999999999995	7.463999999999989	-10.719999999999999
20200617-h16m30s57	3.2129999999999987	7.463999999999999	-10.219999999999999
20200617-h16m33s02	2.9129999999999985	7.463999999999998	-10.719999999999999
20200617-h16m40s39	2.912999999999998	7.463999999999997	-11.219999999999999
20200617-h16m46s55	2.6129999999999978	7.463999999999996	-12.719999999999999
20200617-h16m51s36	2.6129999999999973	7.463999999999995	-13.219999999999999
20200617-h16m55s29	2.612999999999997	7.463999999999994	-13.719999999999999
20200617-h16m58s19	2.3129999999999966	7.463999999999993	-14.219999999999999
20200617-h17m00s24	2.312999999999997	7.463999999999992	-14.719999999999999
20200617-h17m02s19	2.312999999999997	7.163999999999992	-15.719999999999999
20200617-h17m04s13	2.312999999999997	7.163999999999991	-15.719999999999999
20200617-h17m06s09	2.6129999999999973	7.16399999999999	-15.219999999999999
20200617-h17m07s59	2.312999999999997	7.163999999999989	-15.719999999999999
20200617-h17m09s52	2.6129999999999973	7.163999999999988	-14.719999999999999
20200617-h17m14s58	2.612999999999997	7.163999999999987	-14.719999999999999
20200617-h17m18s28	2.3129999999999966	7.163999999999986	-15.219999999999999
20200617-h17m21s07	2.612999999999997	7.1639999999999855	-14.719999999999999
20200617-h17m23s20	2.6129999999999964	7.163999999999985	-14.219999999999999
20200617-h17m25s25	2.612999999999996	7.163999999999984	-14.219999999999999
20200617-h17m50s45	3.212999999999995	7.463999999999983	-11.719999999999999
20200617-h17m54s24	3.2129999999999947	7.163999999999982	-10.219999999999999
20200617-h17m57s08	3.2129999999999943	7.463999999999981	-9.719999999999999
20200617-h17m59s23	3.212999999999994	7.46399999999998	-9.219999999999999
20200617-h18m01s19	3.2129999999999934	7.463999999999979	-9.719999999999999
20200617-h18m03s48	3.212999999999993	7.463999999999978	-9.719999999999999
20200617-h18m08s51	2.9129999999999927	7.463999999999977	-11.219999999999999
20200617-h18m12s17	2.9129999999999923	7.163999999999977	-11.719999999999999
20200618-h16m07s33	5.9838777271022305	6.512284436872929	-12.64
20200618-h16m29s31	9.870000000000001	11.994000000000002	-1.125
20200618-h16m29s50	9.870000000000003	11.994000000000003	-1.625
20200618-h16m30s13	9.97	11.894000000000002	-2.125
20200619-h13m29s48	12.633333333333335	12.933333333333335	8.549999999999997
20200619-h13m30s08	12.833333333333337	13.133333333333338	8.049999999999997
20200619-h13m32s22	13.265999999999998	10.934999999999999	3.039999999999999
20200619-h13m32s35	13.165999999999997	11.034999999999997	3.039999999999999
20200619-h13m32s49	13.065999999999995	11.134999999999994	3.539999999999999
20200619-h13m33s29	13.165999999999993	11.034999999999993	3.539999999999999
20200619-h13m35s01	13.165999999999991	10.934999999999992	3.539999999999999
20200619-h13m39s39	11.741999999999999	10.060999999999998	-10.719999999999999
20200619-h13m39s52	11.841999999999997	9.960999999999997	-11.719999999999999
20200619-h13m41s08	11.541999999999996	10.060999999999995	-11.219999999999999
20200619-h13m55s26	13.072999999999999	10.014999999999999	-10.035
20200619-h13m55s39	13.172999999999996	9.914999999999997	-9.535
20200619-h13m57s13	13.072999999999995	9.814999999999996	-9.035
20200619-h13m59s41	12.972999999999994	9.514999999999995	-8.535
20200619-h14m01s33	12.872999999999992	9.414999999999994	-8.535
20200619-h14m02s57	12.97299999999999	9.114999999999993	-8.535
20200619-h14m04s10	12.67299999999999	9.214999999999991	-8.035
20200619-h14m25s26	16.664868563022917	15.857121566943638	-12.965
20200619-h14m25s45	16.96486856302291	15.85712156694364	-12.465
20200619-h14m26s42	16.814868563022905	16.007121566943642	-12.665000000000008
20200619-h14m28s00	16.964868563022907	16.007121566943646	-12.465000000000018
20200619-h14m29s38	16.760999999999992	15.945	-13.509999999999998
20200619-h14m31s57	16.760999999999996	16.095000000000002	-13.510000000000007
20200619-h14m32s40	16.86099999999999	15.895000000000003	-13.110000000000014
20200619-h14m33s06	16.810999999999986	15.995000000000005	-13.310000000000018
20200619-h14m33s30	16.88154871623448	15.935576295206191	-14.710000000000019
20200619-h14m33s54	16.637773827650882	15.875852979736585	-13.595266852668544
20200619-h14m34s16	16.767075520327076	15.927924909072301	-13.195266852668551
20200619-h14m34s37	16.879400007933267	15.939233351461594	-12.995266852668557
20200619-h14m34s59	16.939107312215974	15.93486115028942	-12.99526685266856
20200619-h14m36s32	16.869724024291482	15.91920178888112	-13.000000000000005
20200619-h14m36s59	16.819724024291478	15.86920178888112	-13.200000000000008
20200619-h14m37s56	16.819724024291485	15.969201788881119	-13.200000000000012
20200619-h14m38s34	16.819724024291492	15.969201788881117	-13.200000000000015
20200622-h09m40s53	16.483315790872812	12.730753672547275	0.625
20200622-h09m41s30	16.995	13.128000000000002	5.215000000000003
20200622-h09m41s54	16.995000000000005	12.828000000000003	4.215000000000003
20200622-h09m42s31	16.695000000000004	13.026000000000003	4.780000000000002
20200622-h10m03s02	16.994999999999997	13.026000000000005	5.780000000000002
20200622-h10m04s53	17.295	13.026000000000007	5.580000000000002
20200622-h10m06s09	16.995000000000005	13.026000000000009	5.580000000000003
20200622-h10m07s12	16.905000000000005	13.014000000000001	5.1700000000000035
20200622-h10m08s49	17.20500000000001	13.014000000000003	4.970000000000003
20200622-h10m11s10	16.905000000000012	13.314000000000005	4.770000000000005
20200622-h10m13s29	16.905000000000015	13.014000000000006	4.970000000000007
20200622-h10m19s07	17.511000000000003	13.062000000000003	2.9650000000000034
20200622-h10m19s23	18.111000000000008	12.762000000000004	2.9650000000000034
20200622-h10m19s48	18.11100000000001	12.762000000000006	3.4650000000000034
20200622-h10m20s05	17.811000000000014	13.062000000000008	3.9650000000000034
20200622-h10m22s12	17.811000000000018	13.06200000000001	4.465000000000003
20200622-h10m23s56	17.81100000000002	13.062000000000012	4.465000000000003
20200622-h10m26s13	17.811000000000025	13.062000000000014	4.965000000000003
20200622-h10m32s16	17.81100000000003	13.062000000000015	5.465000000000003
20200622-h11m11s33	17.811000000000032	13.062000000000017	5.465000000000003
20200622-h12m21s30	17.811000000000035	13.062000000000019	4.965000000000003
20200622-h12m26s09	17.81100000000004	13.06200000000002	4.465000000000003
20200622-h12m27s22	17.811000000000043	12.762000000000022	4.965000000000003
20200622-h12m30s18	17.811000000000046	12.762000000000024	4.465000000000003
20200622-h17m00s46	10.674000000000001	10.245000000000003	-6.010000000000002
20200622-h17m01s06	10.674000000000003	9.945000000000004	-6.510000000000002
20200622-h17m01s25	10.674000000000005	10.245000000000006	-6.510000000000002
20200622-h17m01s50	10.574000000000003	9.945000000000006	-6.910000000000001
20200622-h17m02s46	10.374954064783903	10.147637711390956	-7.279999999999998
20200622-h17m05s40	10.40775554404462	9.920364557320703	-8.049999999999997
20200622-h17m07s23	10.358642289202116	9.886497918894408	-7.874999999999993
20200622-h17m08s11	10.458642289202114	9.986497918894406	-8.474999999999994
20200622-h17m09s42	10.338	9.998999999999997	-8.564999999999998
20200622-h17m11s55	10.237999999999998	9.998999999999995	-9.165
20200622-h17m12s59	10.337999999999996	9.798999999999994	-8.864999999999995
20200622-h17m13s51	10.337999999999994	9.798999999999992	-7.6649999999999885
20200622-h17m14s55	10.237999999999992	9.79899999999999	-7.664999999999985
20200622-h17m16s04	10.33799999999999	9.898999999999988	-7.364999999999984
20200622-h17m17s22	10.337999999999989	9.898999999999987	-7.06499999999998
20200622-h17m18s21	10.437999999999986	9.898999999999985	-7.064999999999976
20200622-h17m19s45	10.437999999999985	9.898999999999983	-7.064999999999973
20200622-h17m20s36	10.437999999999983	9.898999999999981	-7.064999999999969
20200622-h17m23s16	10.437999999999981	9.89899999999998	-7.364999999999969
20200622-h17m26s24	10.43799999999998	9.898999999999978	-7.3649999999999665
20200622-h17m28s45	10.437999999999978	9.898999999999976	-7.664999999999966
20200622-h17m35s44	10.437999999999976	9.898999999999974	-7.364999999999963
20200622-h17m41s26	10.537999999999974	9.898999999999972	-7.364999999999959
20200622-h17m42s15	10.537999999999972	9.89899999999997	-7.364999999999956
20200622-h17m45s31	10.53799999999997	9.898999999999969	-7.364999999999952
20200622-h17m48s21	10.537999999999968	9.998999999999967	-7.364999999999949
20200622-h17m50s55	10.537999999999967	9.998999999999965	-7.364999999999945
20200622-h18m38s24	10.737999999999964	9.898999999999964	-7.064999999999944
20200622-h18m39s00	10.737999999999962	9.998999999999961	-7.064999999999941
20200622-h19m08s24	10.93799999999996	9.89899999999996	-7.064999999999937
20200622-h19m09s43	10.837999999999958	9.898999999999958	-7.364999999999937
20200622-h19m11s42	10.837999999999957	9.898999999999957	-7.3649999999999345
20200622-h19m19s22	10.737999999999955	9.898999999999955	-7.664999999999934
20200622-h19m24s56	10.737999999999953	9.898999999999953	-7.664999999999932
20200622-h19m26s43	10.737999999999952	9.898999999999951	-7.664999999999928
20200623-h11m25s14	13.722844368738384	7.4025867575009086	-11.47
20200623-h11m25s43	14.022844368738387	7.102586757500908	-12.269999999999998
20200623-h11m26s06	13.722844368738388	7.102586757500907	-13.469999999999997
20200623-h11m26s27	12.822844368738387	8.002586757500906	-15.869999999999997
20200623-h11m26s45	12.822844368738389	8.002586757500904	-17.07
20200623-h11m27s19	12.82284436873839	8.002586757500904	-16.67
20200623-h11m27s46	12.822844368738393	8.002586757500904	-17.070000000000007
20200623-h11m28s28	12.822844368738394	8.002586757500904	-16.67000000000001
20200623-h11m29s15	12.822844368738396	8.002586757500904	-16.670000000000016
20200623-h11m30s14	12.822844368738398	8.002586757500904	-16.670000000000023
20200623-h11m31s21	12.8228443687384	8.002586757500904	-17.07000000000003
20200623-h11m32s43	12.822844368738401	8.002586757500904	-16.670000000000037
20200623-h11m33s58	12.822844368738403	8.002586757500904	-16.670000000000044
20200623-h11m36s02	12.822844368738405	8.002586757500904	-16.67000000000005
20200623-h11m39s25	13.722840000000003	8.002579999999998	-18.17
20200623-h11m40s08	13.722840000000005	7.7025799999999975	-17.67
20200623-h11m40s42	13.722840000000007	7.702579999999997	-17.17
20200623-h11m42s26	13.722840000000009	7.702579999999996	-17.67
20200623-h11m44s01	13.72284000000001	7.702579999999995	-17.17
20200623-h11m54s49	13.722840000000012	7.702579999999994	-17.67
20200623-h12m08s27	13.722840000000014	7.702579999999993	-17.17
20200623-h12m09s38	13.722840000000016	7.702579999999992	-17.17
20200623-h12m11s35	13.722840000000017	7.702579999999991	-17.67
20200623-h12m13s31	13.72284000000002	8.002579999999991	-17.67
20200623-h12m16s41	13.722840000000021	7.70257999999999	-17.17
20200623-h12m19s43	13.722840000000023	7.7025799999999895	-17.17
20200623-h12m29s49	13.722840000000025	7.702579999999989	-17.67
20200623-h12m40s41	13.122840000000025	7.702579999999988	-18.17
20200623-h12m41s29	13.122840000000027	7.702579999999987	-18.17
20200623-h12m42s24	13.122840000000028	7.702579999999986	-18.17
20200623-h12m44s33	13.12284000000003	8.002579999999984	-18.67
20200623-h12m46s48	13.122840000000032	8.002579999999984	-18.17
20200623-h12m51s11	13.122840000000034	8.002579999999984	-18.17
20200623-h12m58s32	13.122840000000036	8.002579999999984	-18.17
20200623-h13m49s31	13.122840000000037	8.002579999999984	-18.17
20200623-h14m41s18	13.12284000000004	8.002579999999984	-18.17
20200623-h14m43s59	13.122840000000041	7.702579999999983	-17.67
20200623-h14m45s06	13.422840000000043	8.002579999999982	-17.17
20200623-h14m46s28	13.422840000000045	8.00257999999998	-16.67
20200623-h14m49s05	13.422840000000047	7.70257999999998	-16.17
20200623-h14m51s28	13.422840000000049	7.702579999999979	-16.67
20200623-h14m53s25	13.42284000000005	7.702579999999978	-16.17
20200623-h14m57s49	13.422840000000052	7.702579999999977	-16.67
20200623-h15m00s58	13.422840000000054	7.702579999999976	-16.17
20200623-h15m04s04	13.422840000000056	7.702579999999975	-17.17
20200623-h15m11s00	13.422840000000058	8.002579999999973	-16.67
20200623-h15m15s57	13.422800000000002	7.70257	-16.17
20200623-h15m16s24	13.122800000000003	7.702569999999999	-17.17
20200623-h15m19s29	13.122800000000005	8.002569999999999	-16.67
20200623-h15m22s14	13.122800000000007	7.702569999999998	-16.17
20200623-h15m31s06	13.122800000000009	7.702569999999997	-15.170000000000002
20200623-h15m37s06	13.12280000000001	7.702569999999996	-15.170000000000002
20200623-h15m42s47	13.122800000000012	7.702569999999995	-15.170000000000002
20200623-h15m50s45	13.122800000000014	7.702569999999994	-15.670000000000002
20200623-h16m04s25	13.122800000000016	7.7025699999999935	-16.17
20200623-h16m06s48	13.122800000000018	7.702569999999993	-16.17
20200623-h16m12s28	13.72280000000002	7.702569999999992	-15.670000000000002
20200623-h16m12s50	13.422800000000022	7.702569999999991	-16.17
20200623-h16m17s07	13.422800000000024	7.70256999999999	-16.17
20200623-h16m21s09	13.422800000000025	7.702569999999989	-16.67
20200623-h16m24s36	13.42280000000002	7.402569999999992	-17.17
20200623-h16m26s01	13.422800000000022	7.702569999999991	-16.67
20200623-h16m31s32	13.122800000000023	7.70256999999999	-16.67
20200623-h16m32s23	13.122800000000025	7.402569999999989	-16.17
20200623-h16m41s12	13.122800000000026	7.402569999999988	-16.67
20200623-h16m42s45	13.122800000000028	7.702569999999987	-16.67
20200623-h16m44s23	13.42280000000003	7.4025699999999865	-16.67
20200623-h16m46s43	13.122800000000032	7.402569999999986	-17.17
20200623-h16m49s03	13.122800000000034	7.402569999999985	-17.17
20200623-h16m55s59	13.122800000000035	7.402569999999984	-16.67
20200623-h17m02s21	13.122800000000037	7.402569999999983	-17.17
20200623-h17m08s37	13.122800000000039	7.402569999999982	-17.17
20200623-h17m14s50	13.12280000000004	7.402569999999981	-16.67
20200623-h17m21s04	13.122800000000042	7.40256999999998	-17.17
20200623-h17m27s22	13.122800000000044	7.4025699999999794	-16.67
20200623-h18m26s41	13.122800000000046	7.402569999999979	-16.67
20200623-h18m27s44	13.122800000000048	7.402569999999978	-16.67
20200623-h18m31s35	13.12280000000005	7.702569999999977	-16.67
20200623-h18m53s45	13.122800000000051	7.402569999999976	-15.670000000000002
20200623-h18m54s41	13.122800000000053	7.702569999999975	-15.670000000000002
20200623-h18m57s50	13.122800000000055	7.402569999999974	-15.670000000000002
20200623-h18m59s17	13.122800000000057	7.402569999999973	-15.670000000000002
20200623-h19m10s28	1.7129999999999996	6.263999999999999	-10.219999999999999
20200623-h19m11s11	12.822800000000019	7.402569999999992	-15.670000000000002
20200623-h19m12s02	12.82280000000002	7.402569999999991	-15.670000000000002
20200623-h19m13s00	12.822800000000022	7.40256999999999	-15.670000000000002
20200623-h19m24s36	12.822800000000024	7.402569999999989	-15.670000000000002
20200623-h19m25s33	12.822800000000026	7.402569999999988	-15.670000000000002
20200623-h19m36s36	12.822800000000028	7.402569999999987	-16.17
20200623-h19m38s39	12.82280000000003	7.4025699999999865	-16.17
20200623-h19m49s49	12.822800000000031	7.402569999999986	-16.17
20200623-h22m57s19	12.522800000000032	7.402569999999985	-16.67
20200623-h22m58s34	12.522800000000034	7.402569999999984	-16.67
20200623-h23m08s51	12.522800000000036	7.402569999999983	-16.67
20200623-h23m18s54	12.522800000000037	7.402569999999982	-17.17
20200623-h23m28s52	12.52280000000004	7.402569999999981	-16.67
20200623-h23m38s51	12.522800000000041	7.40256999999998	-16.67
20200623-h23m48s48	12.522800000000043	7.4025699999999794	-16.67
20200623-h23m58s46	12.522800000000045	7.402569999999979	-16.67
20200624-h00m08s42	12.522800000000046	7.402569999999978	-16.67
20200624-h00m18s36	12.522800000000048	7.402569999999977	-16.67
20200624-h00m28s30	12.52280000000005	7.402569999999976	-16.67
20200624-h10m04s33	12.522800000000052	7.702569999999975	-16.17
20200624-h10m16s40	11.922800000000052	7.702569999999974	-15.670000000000002
20200624-h11m22s56	11.922800000000054	7.402569999999973	-16.17
20200624-h11m25s04	11.922800000000056	7.702569999999972	-16.67
20200624-h11m25s43	11.922800000000057	7.4025699999999715	-16.67
20200624-h11m29s22	11.92280000000006	7.70256999999997	-16.67
20200624-h11m31s00	11.922800000000061	7.40256999999997	-16.67
20200624-h11m32s27	11.922800000000063	7.702569999999969	-16.67
20200624-h11m34s20	11.922800000000064	7.402569999999968	-16.67
20200624-h11m36s37	11.922800000000066	7.702569999999967	-16.67
20200624-h11m44s53	11.922800000000068	7.702569999999966	-16.67
20200624-h11m52s25	11.92280000000007	7.702569999999965	-17.17
20200624-h11m56s16	11.62280000000007	7.702569999999964	-18.17
20200624-h11m57s43	11.622800000000073	7.702569999999963	-17.67
20200624-h11m59s15	11.622800000000074	7.702569999999962	-17.67
20200624-h12m00s34	11.622800000000076	7.7025699999999615	-17.67
20200624-h12m02s20	11.622800000000078	7.402569999999961	-17.67
20200624-h12m12s12	11.62280000000008	7.70256999999996	-18.17
20200624-h12m12s34	11.622800000000082	7.702569999999959	-17.67
20200624-h12m18s52	11.622800000000083	7.402569999999958	-17.67
20200624-h12m56s57	11.622800000000085	7.702569999999957	-18.17
20200624-h13m39s01	10.7228	6.802569	-18.17
20200624-h13m40s22	13.241796109530613	6.097509048339999	-18.17
20200624-h13m40s40	13.241796109530615	6.097509048339998	-18.17
20200624-h13m42s30	13.241796109530616	6.097509048339997	-17.67
20200624-h13m45s06	13.241796109530618	6.0975090483399965	-17.67
20200624-h13m47s09	13.24179610953062	6.097509048339996	-17.67
20200624-h13m49s23	13.241796109530622	6.097509048339995	-17.67
20200624-h14m10s20	13.241796109530624	6.097509048339994	-17.17
20200624-h14m12s51	13.241796109530625	6.097509048339993	-17.67
20200624-h14m13s21	13.241796109530627	6.097509048339992	-17.67
20200624-h14m26s44	13.241796109530629	6.097509048339991	-17.17
20200624-h14m33s31	13.24179610953063	6.09750904833999	-17.17
20200624-h14m46s33	13.241796109530632	6.097509048339989	-17.17
20200624-h14m55s47	13.241796109530634	6.0975090483399885	-16.67
20200624-h15m19s32	13.241796109530636	6.097509048339988	-17.17
20200624-h15m21s06	13.241796109530638	6.097509048339987	-17.17
20200624-h15m31s59	13.24179610953064	6.097509048339986	-17.67
20200624-h15m41s29	13.241796109530641	6.097509048339985	-17.17
20200624-h15m42s09	13.241796109530643	6.097509048339984	-17.67
20200624-h15m43s43	13.241796109530645	6.097509048339983	-17.17
20200624-h15m51s25	13.541796109530647	6.397509048339982	-16.67
20200624-h16m13s47	13.54179610953065	6.097509048339981	-16.17
20200624-h16m16s49	13.541796109530651	6.0975090483399805	-16.17
20200624-h16m24s14	13.541796109530653	6.09750904833998	-16.17
20200624-h16m27s33	13.541796109530654	6.097509048339979	-16.17
20200624-h16m35s07	13.541796109530656	6.097509048339978	-16.17
20200624-h16m37s11	13.541796109530658	6.097509048339977	-16.17
20200624-h16m43s33	13.54179610953066	6.097509048339976	-16.17
20200624-h16m45s03	13.541796109530662	6.097509048339975	-16.17
20200624-h18m21s52	13.541796109530663	6.097509048339974	-15.670000000000002
20200624-h18m29s21	13.541796109530665	6.097509048339973	-15.670000000000002
20200624-h18m53s21	13.541796109530667	6.0975090483399725	-16.17
20200624-h18m55s18	13.541796109530669	6.097509048339972	-16.17
20200624-h18m56s41	13.54179610953067	6.097509048339971	-16.17
20200624-h18m58s45	13.541796109530672	6.09750904833997	-16.17
20200624-h19m01s27	13.541796109530674	6.097509048339969	-16.17
20200624-h19m04s42	13.541796109530676	6.097509048339968	-16.17
20200624-h19m05s31	13.541796109530678	6.097509048339967	-16.17
20200624-h19m06s16	13.54179610953068	6.097509048339966	-16.17
20200624-h19m12s11	13.541796109530681	6.097509048339965	-16.67
20200624-h19m15s29	13.541796109530683	6.0975090483399645	-16.67
20200624-h19m22s16	13.541796109530685	6.097509048339964	-16.67
20200624-h19m26s40	13.541796109530686	6.097509048339963	-16.67
20200624-h19m33s50	13.541796109530688	6.097509048339962	-16.17
20200624-h19m34s19	13.54179610953069	6.097509048339961	-16.67
20200624-h19m39s26	13.541796109530692	6.09750904833996	-16.67
20200624-h19m42s28	13.541796109530694	6.097509048339959	-16.17
20200624-h19m43s46	13.541796109530695	6.097509048339958	-16.67
20200624-h19m44s46	13.541796109530697	6.097509048339957	-16.17
20200624-h19m48s33	13.541796109530699	6.0975090483399565	-16.67
20200624-h19m51s11	13.5417961095307	6.097509048339956	-16.17
20200624-h19m52s04	13.541796109530702	6.097509048339955	-16.17
20200624-h19m54s50	13.541796109530704	6.097509048339954	-16.17
20200624-h19m58s46	13.541796109530706	6.097509048339953	-16.17
20200624-h19m59s19	13.541796109530708	6.097509048339952	-16.17
20200624-h20m02s27	13.54179610953071	6.097509048339951	-16.17
20200624-h20m05s23	13.541796109530711	6.09750904833995	-16.67
20200624-h20m07s13	13.241796109530712	6.0975090483399494	-17.17
20200624-h20m09s03	13.241796109530714	6.097509048339949	-17.67
20200624-h20m11s33	13.241796109530716	6.097509048339948	-17.17
20200624-h20m15s03	13.241796109530718	6.097509048339947	-17.67
20200625-h10m38s12	13.24179610953072	6.097509048339946	-17.17
20200625-h10m42s19	13.241796109530721	6.097509048339945	-16.67
20200625-h10m43s45	13.241796109530723	6.097509048339944	-16.67
20200625-h10m49s23	13.241796109530725	6.097509048339943	-16.67
20200625-h10m59s43	13.241796109530727	6.097509048339942	-16.67
20200625-h11m00s13	13.241796109530728	6.0975090483399415	-16.67
20200625-h11m01s19	13.24179610953073	6.097509048339941	-17.17
20200625-h11m04s02	13.241796109530732	6.09750904833994	-16.67
20200625-h11m06s47	13.241796109530734	6.097509048339939	-17.17
20200625-h11m09s48	13.241796109530735	6.097509048339938	-16.67
20200625-h11m12s13	13.241796109530737	6.097509048339937	-16.67
20200625-h11m17s32	13.241796109530739	6.097509048339936	-17.17
20200625-h11m21s19	13.24179610953074	6.097509048339935	-16.67
20200625-h11m22s27	13.241796109530743	6.097509048339934	-17.17
20200625-h11m24s12	13.241796109530744	6.0975090483399335	-16.67
20200625-h11m26s16	13.241796109530746	6.097509048339933	-16.67
20200625-h11m30s38	13.241796109530748	6.097509048339932	-16.67
20200625-h11m32s51	13.24179610953075	6.097509048339931	-17.17
20200625-h11m42s22	13.241796109530751	6.09750904833993	-16.67
20200625-h11m46s12	13.241796109530753	6.097509048339929	-17.17
20200625-h11m50s22	13.241796109530755	6.097509048339928	-16.67
20200625-h12m14s32	13.241796109530757	6.097509048339927	-17.17
20200625-h12m22s32	13.241796109530759	6.097509048339926	-16.67
20200625-h12m26s06	13.24179610953076	6.0975090483399255	-17.17
20200625-h12m30s13	13.241796109530762	6.097509048339925	-17.17
20200625-h12m31s16	13.241796109530764	6.097509048339924	-17.17
20200625-h13m05s37	13.241796109530766	6.097509048339923	-17.17
20200625-h13m12s49	13.241796109530767	6.097509048339922	-17.67
20200625-h13m14s02	13.24179610953077	6.097509048339921	-17.17
20200625-h14m01s53	13.241796109530771	6.09750904833992	-17.67
20200625-h14m03s05	13.241796109530773	6.097509048339919	-17.67
20200625-h14m20s39	13.241796109530775	6.097509048339918	-17.67
20200625-h14m33s50	13.241796109530776	6.0975090483399175	-17.67
20200625-h14m40s08	13.241796109530778	6.097509048339917	-17.67
20200625-h15m11s06	13.24179610953078	6.097509048339916	-17.67
20200625-h15m13s51	13.241796109530782	6.097509048339915	-17.67
20200625-h15m17s16	13.241796109530783	6.097509048339914	-18.17
20200625-h15m18s47	13.241796109530785	6.097509048339913	-17.67
20200625-h15m20s06	13.241796109530787	6.097509048339912	-17.67
20200625-h15m23s11	13.241796109530789	6.097509048339911	-18.17
20200625-h15m25s11	13.24179610953079	6.09750904833991	-17.67
20200625-h15m26s51	13.241796109530792	6.0975090483399095	-17.67
20200625-h15m29s58	13.241796109530794	6.097509048339909	-18.17
20200625-h15m30s41	13.241796109530796	6.097509048339908	-18.17
20200625-h15m31s48	13.241796109530798	6.097509048339907	-17.67
20200625-h15m34s24	13.2417961095308	6.097509048339906	-17.67
20200625-h15m36s27	13.241796109530801	6.097509048339905	-17.67
20200625-h15m39s25	13.241796109530803	6.097509048339904	-17.67
20200625-h15m42s05	13.241796109530805	6.097509048339903	-17.67
20200625-h15m44s57	13.241796109530807	6.097509048339902	-17.67
20200625-h15m47s59	13.241796109530808	6.0975090483399015	-17.17
20200625-h15m50s59	13.24179610953081	6.097509048339901	-17.67
20200625-h15m53s56	13.241796109530812	6.0975090483399	-17.17
20200625-h15m56s54	13.241796109530814	6.097509048339899	-17.17
20200625-h15m59s54	13.241796109530815	6.097509048339898	-16.67
20200625-h16m02s53	13.241796109530817	6.097509048339897	-16.67
20200625-h16m04s00	13.241796109530819	6.097509048339896	-16.67
20200625-h16m42s52	13.241796109530684	6.097509048339964	-16.17
20200625-h16m43s17	13.241796109530686	6.097509048339963	-16.67
20200625-h17m29s52	14.141796109530686	6.997509048339963	-15.670000000000002
20200625-h17m30s21	13.541796109530686	6.397509048339963	-15.670000000000002
20200625-h17m31s19	13.541796109530688	6.097509048339962	-15.170000000000002
20200625-h17m36s41	13.241796109530684	6.097509048339964	-17.17
20200626-h11m41s13	13.241796109530686	6.097509048339963	-16.67
20200626-h11m42s07	13.241796109530688	6.097509048339962	-16.67
20200626-h12m19s40	13.24179610953069	6.097509048339961	-17.17
20200626-h13m04s31	13.241796109530691	6.09750904833996	-16.67
20200626-h13m18s19	12.34179610953069	5.19750904833996	-16.67
20200626-h13m20s28	9.145677006159186	9.620325030180002	-14.670000000000002
20200626-h13m20s48	9.445677006159189	9.920325030180004	-13.170000000000002
20200626-h13m21s06	9.44567700615919	9.920325030180006	-11.170000000000002
20200626-h13m21s27	9.745677006159193	10.220325030180009	-9.670000000000002
20200626-h13m21s44	10.045677006159195	10.22032503018001	-8.670000000000002
20200626-h13m22s01	10.045677006159197	9.920325030180011	-8.670000000000002
20200626-h13m22s21	10.045677006159199	9.920325030180013	-8.670000000000002
20200626-h13m31s54	10.008000000000001	10.197000000000001	-10.095
20200626-h13m32s11	10.008000000000003	10.197000000000003	-10.595
20200626-h13m32s29	10.008000000000004	10.197000000000005	-10.595
20200626-h13m33s35	10.008000000000006	10.197000000000006	-10.095
20200626-h13m39s21	10.3456770061592	10.220325030180014	-8.670000000000002
20200626-h15m00s18	10.345677006159201	10.220325030180016	-9.170000000000002
20200626-h15m22s23	10.345677006159203	10.220325030180017	-9.670000000000002
20200626-h15m22s52	10.345677006159205	10.22032503018002	-9.170000000000002
20200626-h15m26s11	10.345677006159207	10.220325030180021	-9.170000000000002
20200626-h15m26s57	10.345677006159208	10.220325030180023	-9.670000000000002
20200626-h15m29s13	10.34567700615921	10.220325030180025	-9.670000000000002
20200626-h15m31s22	10.345677006159212	10.220325030180026	-9.670000000000002
20200626-h15m34s37	10.345677006159214	10.220325030180028	-9.670000000000002
20200626-h15m39s39	10.345677006159216	10.22032503018003	-9.670000000000002
20200626-h15m41s12	10.345677006159217	10.220325030180032	-9.670000000000002
20200626-h15m46s51	10.34567700615922	10.220325030180033	-9.670000000000002
20200626-h16m10s44	10.345677006159221	10.220325030180035	-9.670000000000002
20200626-h16m11s15	10.345677006159223	10.220325030180037	-9.670000000000002
20200626-h16m13s08	10.345677006159224	10.220325030180039	-9.670000000000002
20200626-h16m13s31	10.345677006159226	10.22032503018004	-9.670000000000002
20200626-h16m21s13	10.345677006159224	10.220325030180039	-9.670000000000002
20200626-h16m23s53	10.345677006159226	10.22032503018004	-9.170000000000002
20200626-h16m38s51	10.345677006159228	10.220325030180042	-9.670000000000002
20200626-h16m47s27	10.34567700615923	10.220325030180044	-9.670000000000002
20200626-h17m12s05	10.345677006159232	10.220325030180046	-9.170000000000002
20200626-h17m13s01	10.345677006159233	10.220325030180048	-9.170000000000002
20200626-h18m14s19	10.345677006159235	10.22032503018005	-9.670000000000002
20200626-h18m37s58	10.345677006159237	10.220325030180051	-9.670000000000002
20200626-h19m01s25	10.345677006159239	10.220325030180053	-9.670000000000002
20200626-h19m24s53	10.34567700615924	10.220325030180055	-9.670000000000002
20200626-h19m48s23	10.345677006159242	10.220325030180057	-9.170000000000002
20200629-h17m34s11	13.464	9.827549499700002	-9.170000000000002
20200629-h17m34s28	13.763999999999998	9.527549499700001	-9.670000000000002
20200629-h17m34s40	13.863999999999995	9.4275494997	-9.670000000000002
20200629-h17m34s53	13.763999999999994	9.527549499699997	-9.670000000000002
20200629-h17m40s06	13.163999999999994	9.8275494997	-9.170000000000002
20200629-h17m40s24	13.563999999999991	9.627549499699999	-9.170000000000002
20200629-h17m40s37	13.56399999999999	9.627549499699997	-9.170000000000002
20200629-h17m41s50	13.563999999999988	9.627549499699995	-9.170000000000002
20200629-h17m42s43	13.652999999999999	9.605999999999998	-9.365000000000002
20200629-h17m43s21	13.652999999999997	9.705999999999996	-9.364999999999998
20200629-h17m47s19	13.652999999999995	9.605999999999995	-9.364999999999998
20200629-h17m48s49	13.652999999999993	9.605999999999993	-9.364999999999998
20200629-h17m56s10	13.752999999999991	9.605999999999991	-9.364999999999998
20200629-h18m01s28	13.75299999999999	9.60599999999999	-9.364999999999995
20200629-h18m07s41	13.752999999999988	9.505999999999988	-9.364999999999991
20200630-h09m44s39	7.470964966779591	6.097509048339999	-7.824999999999999
20200630-h09m54s50	12.477439500388892	13.13654711471719	-14.670000000000002
20200630-h09m55s24	12.57743950038889	13.03654711471719	-14.369999999999997
20200630-h09m55s39	12.677439500388887	13.136547114717187	-14.07
20200630-h09m56s19	12.677439500388886	13.136547114717185	-13.769999999999996
20200630-h09m58s20	12.677439500388884	13.136547114717184	-13.769999999999992
20200630-h09m59s51	12.677439500388882	13.336547114717181	-13.769999999999989
20200630-h10m03s47	12.67743950038888	13.13654711471718	-13.769999999999985
20200630-h10m05s06	11.852999999999998	13.286999999999999	-14.069999999999983
20200630-h10m20s36	11.852999999999996	13.286999999999997	-14.069999999999979
20200630-h10m27s45	11.852999999999994	13.286999999999995	-14.369999999999976
20200630-h10m32s37	11.852999999999993	13.286999999999994	-14.069999999999972
20200630-h10m33s47	11.85299999999999	13.286999999999992	-14.369999999999969
20200630-h10m41s06	11.852999999999989	13.28699999999999	-14.069999999999965
20200630-h10m44s24	11.852999999999987	13.286999999999988	-14.369999999999962
20200630-h10m47s33	11.852999999999986	13.286999999999987	-14.369999999999958
20200630-h10m49s09	11.852999999999984	13.286999999999985	-14.369999999999955
20200630-h10m50s05	11.852999999999982	13.286999999999983	-14.369999999999951
20200630-h11m15s19	11.85299999999998	13.286999999999981	-14.369999999999948
20200630-h11m34s29	11.852999999999978	13.486999999999979	-14.369999999999944
