20160501-h11m20s38	31.4172	152.2265	124.6794	0.0683
20160501-h11m20s53	31.417	152.2263	124.6803	0.0683
20160501-h11m21s16	31.4173	152.2264	124.6792	0.0683
20160501-h11m21s56	31.417	152.2264	124.6797	0.0683
20160501-h11m22s38	31.417	152.2263	124.6804	0.0683
20160501-h11m22s53	31.4172	152.2264	124.6787	0.0683
20160501-h11m24s46	31.4172	152.2265	124.6794	0.0683
20160501-h11m30s00	31.417	152.2263	124.6803	0.0683
20160501-h11m33s37	31.4172	152.2264	124.658	0.0683
20160501-h11m34s36	31.417	152.2263	124.6804	0.0683
20160501-h11m36s06	31.4172	152.2263	124.658	0.0683
20160501-h11m39s43	31.4172	152.2263	124.6796	0.0683
20160501-h11m40s57	31.4172	152.2264	124.6583	0.0683
20160501-h13m29s18	31.4172	152.2263	124.6582	0.0683
20160502-h10m46s23	31.417	152.2264	124.6795	0.0683
20160502-h11m06s22	31.4171	152.2264	124.6584	0.0683
20160502-h13m50s27	0.0	0.0	0.0	-0.0
20160502-h13m55s39	31.4172	152.2264	124.679	0.0
20160502-h13m56s07	31.4172	152.2264	124.679	-0.0
20160502-h13m58s09	31.4172	152.2264	124.679	-0.0
20160502-h13m58s35	31.4172	152.2264	124.679	0.0
20160502-h13m59s14	31.4172	152.2264	124.679	0.0
20160502-h13m59s35	31.4172	152.2264	124.679	0.0
20160502-h14m04s09	31.4172	152.2264	124.7	-0.0
20160502-h14m04s58	31.4172	152.2264	124.7	0.0
20160502-h14m07s39	31.1672	152.1514	124.6999	0.0
20160502-h14m08s07	31.4172	152.2264	124.6999	0.0
20160502-h14m09s33	31.5172	152.2264	124.6999	0.0
20160502-h14m10s23	31.4172	152.2264	124.6999	0.0
20160502-h14m11s34	31.4172	152.3264	124.6999	-0.0
20160502-h14m13s00	31.4172	152.2264	124.6999	0.0
20160502-h14m13s30	31.4172	152.2264	124.6999	0.0
20160502-h14m14s25	31.1672	152.1514	124.6999	0.0
20160502-h14m14s50	31.1672	152.1514	124.6999	0.0
20160502-h14m15s20	31.2922	152.1514	124.6999	-0.0
20160502-h14m15s45	31.2922	152.1514	124.6999	-0.0
20160502-h14m16s14	31.4172	152.1514	124.6999	0.0
20160502-h14m16s39	31.4172	152.1514	124.6999	0.0
20160502-h14m17s08	31.5422	152.1514	124.6999	-0.0
20160502-h14m17s33	31.5422	152.1514	124.6999	0.0
20160502-h14m18s03	31.6672	152.1514	124.6999	0.0
20160502-h14m18s28	31.6672	152.1514	124.6999	0.0
20160502-h14m48s55	31.4172	152.2264	124.7	-0.0
20160502-h14m58s29	31.5378	152.2441	124.74	-0.0
20160502-h14m59s59	31.5378	152.2441	124.74	0.0
20160502-h15m00s55	31.5378	152.2441	124.74	0.0
20160502-h15m26s12	31.5378	152.2441	124.74	0.0
20160502-h15m27s20	31.5378	152.2441	124.74	0.0
20160502-h18m02s30	31.5378	152.2441	124.74	-0.0
20160502-h18m03s21	31.5378	152.2441	124.74	0.0
20160502-h18m05s24	31.5378	152.2441	124.75	0.0
20160502-h18m05s51	31.5378	152.2441	124.75	0.0
20160502-h18m06s44	31.5378	152.2441	124.75	0.0
20160502-h18m07s40	31.5378	152.2441	124.75	0.0
20160502-h18m09s12	31.5378	152.2441	124.75	0.0
20160502-h18m09s59	31.5378	152.2441	124.75	0.0
20160502-h18m10s43	31.5378	152.2441	124.75	0.0
20160502-h18m11s39	31.5378	152.2441	124.75	-0.0
20160502-h18m12s37	31.5378	152.2441	124.75	0.0
20160502-h18m15s11	31.5378	152.2441	124.68	-0.0
20160502-h18m16s32	31.5378	152.2441	124.6	0.0
20160502-h18m17s46	31.5378	152.2441	124.6	0.0
20160502-h18m18s35	31.5378	152.2441	124.6	0.0
20160502-h18m19s53	31.5378	152.2441	124.6	0.0
20160502-h18m21s03	31.5378	152.2441	124.6	0.0
20160502-h18m21s52	31.5378	152.2441	124.6	0.0
20160502-h18m23s20	31.5378	152.2441	124.6	-0.0
20160502-h18m50s46	31.5378	152.2441	124.73	0.0
20160502-h20m24s11	31.5378	152.2441	124.73	0.0
20160502-h20m24s43	31.5378	152.2441	124.73	0.0
20160502-h20m25s04	31.5378	152.2441	124.73	-0.0
20160502-h20m27s17	31.5378	152.2441	124.65	0.0
20160502-h20m27s56	31.5378	152.2441	124.65	0.0
20160502-h20m29s19	31.5378	152.2441	124.65	0.0
20160502-h20m30s36	31.5378	152.2441	124.65	-0.0
20160502-h20m31s03	31.5378	152.2441	124.65	0.0
20160502-h20m31s24	31.5378	152.2441	124.65	0.0
20160502-h20m33s13	31.5378	152.2441	124.65	0.0
20160502-h20m34s45	31.5378	152.2441	124.65	0.0
20160502-h20m35s46	31.5378	152.2441	124.65	0.0
20160502-h20m37s28	31.5378	152.2441	124.65	0.0
20160502-h20m39s45	31.5378	152.2441	124.65	0.0
20160502-h20m40s26	31.5378	152.2441	124.65	0.0
20160502-h20m41s39	31.5378	152.2441	124.65	-0.0
20160502-h20m43s33	31.5378	152.2441	124.65	-0.0
20160502-h20m43s56	31.5378	152.2441	124.65	-0.0
20160502-h20m45s02	31.5378	152.2441	124.65	0.0
20160502-h20m48s53	31.5378	152.2441	124.65	0.0
20160502-h20m51s01	31.5378	152.2441	124.65	0.0
20160502-h20m52s41	31.5378	152.2441	124.65	0.0
20160502-h20m53s06	31.5378	152.2441	124.65	-0.0
20160502-h21m00s01	31.5234	152.2485	124.65	-0.0
20160502-h21m01s50	31.5234	152.2485	124.65	0.0
20160502-h21m02s10	31.5234	152.2485	124.65	0.0
20160502-h21m02s38	31.5234	152.2485	124.65	0.0
20160502-h21m04s18	31.5234	152.2485	124.65	0.0
20160502-h21m04s30	31.5234	152.2485	124.65	0.0
20160502-h21m25s31	31.3287	152.2509	124.65	0.0
20160502-h21m26s06	31.3287	152.2509	124.65	0.0
20160502-h21m27s15	31.3287	152.2509	124.65	-0.0
20160502-h21m35s48	31.3287	152.2509	124.65	-0.0
20160502-h21m37s07	31.3287	152.2509	124.65	0.0
20160502-h21m37s33	31.3287	152.2509	124.65	-0.0
20160502-h21m38s01	31.3287	152.2509	124.65	-0.0
20160502-h21m38s26	31.3287	152.2509	124.65	0.0
20160502-h21m38s45	31.3287	152.2509	124.65	0.0
20160502-h21m39s17	31.3287	152.2509	124.65	0.0
20160502-h21m40s06	31.3287	152.2509	124.65	0.0
20160502-h22m09s42	31.3287	152.2509	124.65	-0.0
20160502-h22m10s29	31.3287	152.2509	124.65	0.0
20160502-h22m12s20	31.3287	152.2509	124.65	0.0
20160502-h23m12s50	31.3287	152.2509	124.65	0.0
20160502-h23m17s17	31.3287	152.2509	124.65	0.0
20160502-h23m17s59	31.3287	152.2509	124.65	0.0
20160502-h23m18s37	31.3287	152.2509	124.65	0.0
20160502-h23m19s07	31.3287	152.2509	124.65	0.0
20160502-h23m19s37	31.3287	152.2509	124.65	-0.0
20160502-h23m20s07	31.3287	152.2509	124.65	-0.0
20160502-h23m21s17	31.3287	152.2509	124.65	0.0
20160502-h23m22s14	31.3287	152.2509	124.65	-0.0
20160502-h23m39s22	31.3287	152.2509	124.65	0.0
20160502-h23m39s51	31.3287	152.2509	124.65	-0.0
20160502-h23m43s29	31.3287	152.2509	124.65	0.0
20160502-h23m44s08	31.3287	152.2509	124.65	-0.0
20160502-h23m44s38	31.3287	152.2509	124.65	0.0
20160502-h23m45s09	31.3287	152.2509	124.65	-0.0
20160502-h23m45s39	31.3287	152.2509	124.65	0.0
20160502-h23m46s09	31.3287	152.2509	124.65	-0.0
20160502-h23m46s40	31.3287	152.2509	124.65	0.0
20160502-h23m49s14	31.3287	152.2509	124.65	0.0
20160502-h23m51s50	31.3287	152.2509	124.65	0.0
20160502-h23m52s20	31.3287	152.2509	124.65	0.0
20160502-h23m52s51	31.3287	152.2509	124.65	0.0
20160502-h23m53s21	31.3287	152.2509	124.65	0.0
20160502-h23m53s51	31.3287	152.2509	124.65	0.0
20160502-h23m54s21	31.3287	152.2509	124.65	-0.0
20160502-h23m58s06	31.3287	152.2509	124.65	-0.0
20160503-h00m02s35	31.3287	152.2509	124.65	0.0
20160503-h00m03s05	31.3287	152.2509	124.65	-0.0
20160503-h00m04s18	31.3287	152.2509	124.65	0.0
20160503-h00m04s37	31.3287	152.2509	124.65	-0.0
20160503-h00m04s55	31.3287	152.2509	124.65	0.0
20160503-h00m21s16	31.3287	152.2509	124.65	0.0
20160503-h09m25s23	31.3287	152.2509	124.65	0.0
20160503-h09m26s04	31.3287	152.2509	124.65	0.0
20160503-h09m37s21	31.3287	152.2509	124.65	0.0
20160503-h09m41s22	31.3287	152.2509	124.65	-0.0
20160503-h09m45s20	31.3287	152.2509	124.65	0.0
20160503-h09m46s09	31.3287	152.2509	124.65	0.0
20160503-h09m46s23	31.3287	152.2509	124.65	0.0
20160503-h09m50s30	31.3287	152.2509	124.65	-0.0
20160503-h09m50s44	31.3287	152.2509	124.65	0.0
20160503-h09m54s57	31.3287	152.2509	124.65	0.0
20160503-h09m55s11	31.3287	152.2509	124.65	0.0
20160503-h09m55s29	31.3287	152.2509	124.65	0.0
20160503-h09m55s43	31.3287	152.2509	124.65	-0.0
20160503-h09m56s08	31.3287	152.2509	124.65	-0.0
20160503-h09m56s22	31.3287	152.2509	124.65	-0.0
20160503-h09m57s24	31.3287	152.2509	124.65	0.0
20160503-h09m57s38	31.3287	152.2509	124.65	-0.0
20160503-h09m59s35	31.3287	152.2509	124.65	-0.0
20160503-h09m59s49	31.3287	152.2509	124.65	-0.0
20160503-h10m01s38	31.3287	152.2509	124.65	0.0
20160503-h10m02s26	31.3287	152.2509	124.65	0.0
20160503-h10m03s16	31.3287	152.2509	124.65	0.0
20160503-h10m03s45	31.3287	152.2509	124.65	-0.0
20160503-h10m04s09	31.3287	152.2509	124.65	0.0
20160503-h14m40s27	31.3287	152.2509	124.65	0.0
20160503-h14m40s59	31.3287	152.2509	124.65	0.0
20160503-h15m44s30	31.3287	152.2509	124.65	0.0
20160503-h15m59s18	31.3287	152.2509	124.65	0.0
20160503-h17m10s13	31.3287	152.2509	124.65	0.0
20160503-h17m27s13	31.3287	152.2509	124.65	0.0
20160503-h17m38s57	31.3287	152.2509	124.65	0.0
20160503-h17m42s51	31.3287	152.2509	124.65	0.0
20160503-h17m44s02	31.3287	152.2509	124.65	0.0
20160503-h17m51s33	31.3287	152.2509	124.65	0.0
20160503-h17m52s32	31.3287	152.2509	124.65	0.0
20160503-h17m53s24	31.3287	152.2509	124.65	0.0
20160503-h17m55s27	31.3287	152.2509	124.65	0.0
20160503-h17m55s37	31.3287	152.2509	124.65	0.0
20160503-h17m56s25	31.3287	152.2509	124.65	0.0
20160503-h17m59s32	31.3287	152.2509	124.65	0.0
20160503-h18m00s24	31.3287	152.2509	124.65	-0.0
20160503-h18m01s16	31.3287	152.2509	124.65	0.0
20160503-h18m02s02	31.3287	152.2509	124.65	0.0
20160503-h18m02s47	31.3287	152.2509	124.65	0.0
20160503-h18m03s30	31.3287	152.2509	124.65	0.0
20160503-h18m04s13	31.3287	152.2509	124.65	0.0
20160503-h18m04s55	31.3287	152.2509	124.65	0.0
20160503-h18m05s37	31.3287	152.2509	124.65	0.0
20160503-h18m06s19	31.3287	152.2509	124.65	0.0
20160503-h18m07s00	31.3287	152.2509	124.65	-0.0
20160503-h18m07s41	31.3287	152.2509	124.65	0.0
20160503-h18m08s22	31.3287	152.2509	124.65	0.0
20160503-h18m09s03	31.3287	152.2509	124.65	0.0
20160503-h18m09s44	31.3287	152.2509	124.65	0.0
20160503-h18m10s25	31.3287	152.2509	124.65	0.0
20160503-h18m15s32	31.3287	152.2509	124.65	0.0
20160503-h18m16s08	31.3287	152.2509	124.65	0.0
20160503-h18m17s01	31.3287	152.2509	124.65	0.0
20160503-h18m17s58	31.3287	152.2509	124.65	0.0
20160503-h18m18s50	31.3287	152.2509	124.65	-0.0
20160503-h18m20s46	31.3287	152.2509	124.65	-0.0
20160503-h18m21s39	31.3287	152.2509	124.65	-0.0
20160503-h18m22s31	31.3287	152.2509	124.65	0.0
20160503-h18m22s53	31.3287	152.2509	124.65	0.0
20160503-h19m49s14	31.3287	152.2509	124.65	0.0
20160503-h19m49s29	31.3287	152.2509	124.65	-0.0
20160503-h19m49s38	31.3287	152.2509	124.65	-0.0
20160503-h19m49s52	31.3287	152.2509	124.65	0.0
20160503-h19m50s01	31.3287	152.2509	124.65	0.0
20160503-h19m50s10	31.3287	152.2509	124.65	-0.0
20160503-h19m50s30	31.3287	152.2509	124.65	-0.0
20160503-h19m50s44	31.3287	152.2509	124.65	0.0
20160503-h19m50s53	31.3287	152.2509	124.65	0.0
20160503-h19m51s07	31.3287	152.2509	124.65	0.0
20160503-h19m51s25	31.3287	152.2509	124.65	0.0
20160503-h19m51s39	31.3287	152.2509	124.65	0.0
20160503-h19m57s19	31.3287	152.2509	124.65	0.0
20160503-h19m58s06	31.3287	152.2509	124.65	-0.0
20160503-h19m58s40	31.3287	152.2509	124.65	0.0
20160503-h19m59s02	31.3287	152.2509	124.65	0.0
20160503-h20m00s41	31.3287	152.2509	124.65	0.0
20160503-h20m01s45	31.3287	152.2509	124.65	0.0
20160503-h20m02s17	31.3287	152.2509	124.65	0.0
20160503-h20m02s31	31.3287	152.2509	124.65	-0.0
20160503-h20m02s40	31.3287	152.2509	124.65	-0.0
20160503-h20m04s15	31.3287	152.2509	124.65	0.0
20160503-h20m04s29	31.3287	152.2509	124.65	0.0
20160503-h20m04s38	31.3287	152.2509	124.65	0.0
20160503-h20m05s05	31.3287	152.2509	124.65	0.0
20160503-h20m05s14	31.3287	152.2509	124.65	0.0
20160503-h20m05s23	31.3287	152.2509	124.65	0.0
20160503-h20m05s56	31.3287	152.2509	124.65	0.0
20160503-h20m06s11	31.3287	152.2509	124.65	0.0
20160503-h20m06s24	31.3287	152.2509	124.65	0.0
20160503-h20m06s33	31.3287	152.2509	124.65	0.0
20160503-h20m06s42	31.3287	152.2509	124.65	0.0
20160503-h20m07s03	31.3287	152.2509	124.65	0.0
20160503-h20m08s00	31.3287	152.2509	124.65	-0.0
20160503-h20m08s14	31.3287	152.2509	124.65	-0.0
20160503-h20m08s27	31.3287	152.2509	124.65	-0.0
20160503-h20m10s37	31.3287	152.2509	124.65	-0.0
20160503-h20m12s16	31.3287	152.2509	124.65	0.0
20160503-h20m13s43	31.3287	152.2509	124.65	0.0
20160503-h20m15s06	31.3287	152.2509	124.65	0.0
20160503-h20m16s25	31.3287	152.2509	124.65	0.0
20160503-h20m17s42	31.3287	152.2509	124.65	0.0
20160503-h20m18s57	31.3287	152.2509	124.65	0.0
20160503-h20m20s12	31.3287	152.2509	124.65	0.0
20160503-h20m21s27	31.3287	152.2509	124.65	0.0
20160503-h20m22s41	31.3287	152.2509	124.65	0.0
20160503-h20m23s55	31.3287	152.2509	124.65	-0.0
20160503-h20m25s08	31.3287	152.2509	124.65	0.0
20160503-h20m26s21	31.3287	152.2509	124.65	0.0
20160503-h20m27s34	31.3287	152.2509	124.65	0.0
20160503-h20m28s47	31.3287	152.2509	124.65	0.0
20160503-h20m29s59	31.3287	152.2509	124.65	-0.0
20160503-h20m31s12	31.3287	152.2509	124.65	-0.0
20160503-h20m32s25	31.3287	152.2509	124.65	0.0
20160503-h20m45s11	31.3287	152.2509	124.65	0.0
20160503-h20m45s26	31.3287	152.2509	124.65	-0.0
20160503-h20m45s35	31.3287	152.2509	124.65	-0.0
20160503-h21m27s13	31.3287	152.2509	124.65	0.0
20160503-h21m27s28	31.3287	152.2509	124.65	0.0
20160503-h21m27s37	31.3287	152.2509	124.65	0.0
20160503-h21m29s17	31.3287	152.2509	124.65	-0.0
20160503-h21m30s09	31.3287	152.2509	124.65	0.0
20160503-h21m30s34	31.3287	152.2509	124.65	0.0
20160503-h21m30s58	31.3287	152.2509	124.65	0.0
20160503-h21m31s25	31.3287	152.2509	124.65	0.0
20160503-h21m31s45	31.3287	152.2509	124.65	0.0
20160503-h21m32s25	31.3287	152.2509	124.65	0.0
20160503-h21m32s33	31.3287	152.2509	124.65	-0.0
20160503-h21m33s43	31.3287	152.2509	124.65	0.0
20160503-h21m45s06	31.3287	152.2509	124.65	0.0
20160503-h21m45s20	31.3287	152.2509	124.65	0.0
20160503-h21m48s50	31.0707	152.1753	124.6503	0.0
20160503-h21m49s21	31.3181	152.2515	124.6503	0.0
20160503-h21m49s35	31.3181	152.2515	124.6503	-0.0
20160503-h21m49s50	31.0681	152.1765	124.6503	-0.0
20160503-h21m50s11	31.0681	152.1765	124.6503	-0.0
20160503-h21m50s25	31.0681	152.1765	124.6503	0.0
20160503-h21m50s45	31.1931	152.1765	124.6503	0.0
20160503-h21m50s57	31.1931	152.1765	124.6503	0.0
20160503-h21m51s12	31.1931	152.1765	124.6503	-0.0
20160503-h21m51s31	31.3181	152.1765	124.6503	0.0
20160503-h21m51s48	31.3181	152.1765	124.6503	0.0
20160503-h21m52s00	31.3181	152.1765	124.6503	0.0
20160503-h21m52s15	31.4431	152.1765	124.6503	0.0
20160503-h21m52s34	31.4431	152.1765	124.6503	-0.0
20160503-h21m52s45	31.4431	152.1765	124.6503	-0.0
20160503-h21m52s59	31.5681	152.1765	124.6503	0.0
20160503-h21m53s16	31.5681	152.1765	124.6503	-0.0
20160503-h21m53s25	31.5681	152.1765	124.6503	0.0
20160503-h21m53s41	31.5681	152.214	124.6503	0.0
20160503-h21m53s51	31.5681	152.214	124.6503	-0.0
20160503-h21m54s00	31.5681	152.214	124.6503	0.0
20160503-h21m54s14	31.4431	152.214	124.6503	0.0
20160503-h21m54s36	31.4431	152.214	124.6503	0.0
20160503-h21m54s50	31.4431	152.214	124.6503	0.0
20160503-h21m55s10	31.3181	152.214	124.6503	-0.0
20160503-h21m55s31	31.3181	152.214	124.6503	-0.0
20160503-h21m55s46	31.3181	152.214	124.6503	-0.0
20160503-h21m56s06	31.1931	152.214	124.6503	-0.0
20160503-h21m56s27	31.1931	152.214	124.6503	0.0
20160503-h21m56s41	31.1931	152.214	124.6503	0.0
20160503-h21m57s01	31.0681	152.214	124.6503	0.0
20160503-h21m57s22	31.0681	152.214	124.6503	0.0
20160503-h21m57s37	31.0681	152.214	124.6503	0.0
20160503-h21m57s56	31.0681	152.2515	124.6503	0.0
20160503-h21m58s18	31.0681	152.2515	124.6503	-0.0
20160503-h21m58s32	31.0681	152.2515	124.6503	-0.0
20160503-h21m58s52	31.1931	152.2515	124.6503	0.0
20160503-h21m59s13	31.1931	152.2515	124.6503	0.0
20160503-h21m59s28	31.1931	152.2515	124.6503	-0.0
20160503-h21m59s48	31.3181	152.2515	124.6503	-0.0
20160503-h22m00s09	31.3181	152.2515	124.6503	-0.0
20160503-h22m00s23	31.3181	152.2515	124.6503	0.0
20160503-h22m00s43	31.4431	152.2515	124.6503	-0.0
20160503-h22m01s04	31.4431	152.2515	124.6503	-0.0
20160503-h22m01s19	31.4431	152.2515	124.6503	-0.0
20160503-h22m01s39	31.5681	152.2515	124.6503	-0.0
20160503-h22m02s00	31.5681	152.2515	124.6503	0.0
20160503-h22m02s15	31.5681	152.2515	124.6503	-0.0
20160503-h22m02s34	31.5681	152.289	124.6503	0.0
20160503-h22m02s56	31.5681	152.289	124.6503	-0.0
20160503-h22m03s10	31.5681	152.289	124.6503	0.0
20160503-h22m03s30	31.4431	152.289	124.6503	-0.0
20160503-h22m03s51	31.4431	152.289	124.6503	0.0
20160503-h22m04s06	31.4431	152.289	124.6503	0.0
20160503-h22m04s25	31.3181	152.289	124.6503	-0.0
20160503-h22m04s47	31.3181	152.289	124.6503	-0.0
20160503-h22m05s01	31.3181	152.289	124.6503	0.0
20160503-h22m05s21	31.1931	152.289	124.6503	-0.0
20160503-h22m05s42	31.1931	152.289	124.6503	0.0
20160503-h22m05s57	31.1931	152.289	124.6503	0.0
20160503-h22m06s17	31.0681	152.289	124.6503	0.0
20160503-h22m06s38	31.0681	152.289	124.6503	0.0
20160503-h22m06s52	31.0681	152.289	124.6503	0.0
20160503-h22m07s12	31.0681	152.3265	124.6503	-0.0
20160503-h22m07s33	31.0681	152.3265	124.6503	0.0
20160503-h22m07s48	31.0681	152.3265	124.6503	0.0
20160503-h22m08s08	31.1931	152.3265	124.6503	0.0
20160503-h22m08s29	31.1931	152.3265	124.6503	0.0
20160503-h22m08s44	31.1931	152.3265	124.6503	-0.0
20160503-h22m09s03	31.3181	152.3265	124.6503	0.0
20160503-h22m09s24	31.3181	152.3265	124.6503	0.0
20160503-h22m09s39	31.3181	152.3265	124.6503	0.0
20160503-h22m09s59	31.4431	152.3265	124.6503	0.0
20160503-h22m10s20	31.4431	152.3265	124.6503	0.0
20160503-h22m10s35	31.4431	152.3265	124.6503	0.0
20160503-h22m10s54	31.5681	152.3265	124.6503	0.0
20160503-h22m11s16	31.5681	152.3265	124.6503	0.0
20160503-h22m11s30	31.5681	152.3265	124.6503	0.0
20160503-h22m11s50	31.4308	152.2676	124.6503	0.0
20160503-h22m13s07	31.3558	152.2501	124.6503	-0.0
20160503-h22m13s27	31.3558	152.2501	124.6503	0.0
20160503-h22m13s42	31.3558	152.2501	124.6503	0.0
20160503-h22m14s11	31.3933	152.2501	124.6503	0.0
20160503-h22m14s33	31.3933	152.2501	124.6503	-0.0
20160503-h22m14s47	31.3933	152.2501	124.6503	-0.0
20160503-h22m15s16	31.4308	152.2501	124.6503	-0.0
20160503-h22m15s38	31.4308	152.2501	124.6503	-0.0
20160503-h22m15s52	31.4308	152.2501	124.6503	0.0
20160503-h22m16s21	31.4683	152.2501	124.6503	-0.0
20160503-h22m16s43	31.4683	152.2501	124.6503	-0.0
20160503-h22m16s57	31.4683	152.2501	124.6503	0.0
20160503-h22m17s27	31.5058	152.2501	124.6503	-0.0
20160503-h22m17s48	31.5058	152.2501	124.6503	0.0
20160503-h22m18s02	31.5058	152.2501	124.6503	0.0
20160503-h22m18s32	31.5058	152.2588	124.6503	0.0
20160503-h22m18s53	31.5058	152.2588	124.6503	0.0
20160503-h22m19s07	31.5058	152.2588	124.6503	-0.0
20160503-h22m19s37	31.4683	152.2588	124.6503	0.0
20160503-h22m19s58	31.4683	152.2588	124.6503	-0.0
20160503-h22m20s13	31.4683	152.2588	124.6503	0.0
20160503-h22m20s42	31.4308	152.2588	124.6503	0.0
20160503-h22m21s03	31.4308	152.2588	124.6503	-0.0
20160503-h22m21s18	31.4308	152.2588	124.6503	0.0
20160503-h22m21s47	31.3933	152.2588	124.6503	-0.0
20160503-h22m22s08	31.3933	152.2588	124.6503	0.0
20160503-h22m22s23	31.3933	152.2588	124.6503	0.0
20160503-h22m22s52	31.3558	152.2588	124.6503	0.0
20160503-h22m23s13	31.3558	152.2588	124.6503	0.0
20160503-h22m23s28	31.3558	152.2588	124.6503	0.0
20160503-h22m23s57	31.3558	152.2676	124.6503	-0.0
20160503-h22m24s18	31.3558	152.2676	124.6503	0.0
20160503-h22m24s33	31.3558	152.2676	124.6503	0.0
20160503-h22m25s02	31.3933	152.2676	124.6503	0.0
20160503-h22m25s23	31.3933	152.2676	124.6503	0.0
20160503-h22m25s38	31.3933	152.2676	124.6503	0.0
20160503-h22m26s07	31.4308	152.2676	124.6503	0.0
20160503-h22m26s28	31.4308	152.2676	124.6503	0.0
20160503-h22m26s43	31.4308	152.2676	124.6503	-0.0
20160503-h22m27s12	31.4683	152.2676	124.6503	0.0
20160503-h22m27s33	31.4683	152.2676	124.6503	0.0
20160503-h22m27s48	31.4683	152.2676	124.6503	0.0
20160503-h22m28s17	31.5058	152.2676	124.6503	0.0
20160503-h22m28s39	31.5058	152.2676	124.6503	0.0
20160503-h22m28s53	31.5058	152.2676	124.6503	0.0
20160503-h22m29s22	31.5058	152.2763	124.6503	-0.0
20160503-h22m29s44	31.5058	152.2763	124.6503	0.0
20160503-h22m29s58	31.5058	152.2763	124.6503	0.0
20160503-h22m30s28	31.4683	152.2763	124.6503	0.0
20160503-h22m30s49	31.4683	152.2763	124.6503	0.0
20160503-h22m31s04	31.4683	152.2763	124.6503	-0.0
20160503-h22m31s33	31.4308	152.2763	124.6503	0.0
20160503-h22m31s54	31.4308	152.2763	124.6503	0.0
20160503-h22m32s09	31.4308	152.2763	124.6503	0.0
20160503-h22m32s38	31.3933	152.2763	124.6503	0.0
20160503-h22m32s59	31.3933	152.2763	124.6503	0.0
20160503-h22m33s14	31.3933	152.2763	124.6503	0.0
20160503-h22m33s44	31.3558	152.2763	124.6503	0.0
20160503-h22m34s05	31.3558	152.2763	124.6503	-0.0
20160503-h22m34s20	31.3558	152.2763	124.6503	0.0
20160503-h22m34s49	31.3558	152.2851	124.6503	0.0
20160503-h22m35s10	31.3558	152.2851	124.6503	0.0
20160503-h22m35s25	31.3558	152.2851	124.6503	0.0
20160503-h22m35s54	31.3933	152.2851	124.6503	0.0
20160503-h22m36s15	31.3933	152.2851	124.6503	0.0
20160503-h22m36s30	31.3933	152.2851	124.6503	0.0
20160503-h22m36s59	31.4308	152.2851	124.6503	-0.0
20160503-h22m37s20	31.4308	152.2851	124.6503	-0.0
20160503-h22m37s35	31.4308	152.2851	124.6503	-0.0
20160503-h22m38s04	31.4683	152.2851	124.6503	0.0
20160503-h22m38s25	31.4683	152.2851	124.6503	0.0
20160503-h22m38s40	31.4683	152.2851	124.6503	0.0
20160503-h22m39s09	31.5058	152.2851	124.6503	-0.0
20160503-h22m39s30	31.5058	152.2851	124.6503	-0.0
20160503-h22m39s45	31.5058	152.2851	124.6503	0.0
20160503-h22m40s15	31.4459	152.2644	124.6503	0.0
20160503-h22m41s31	31.4209	152.2594	124.6503	0.0
20160503-h22m41s52	31.4209	152.2594	124.6503	-0.0
20160503-h22m42s07	31.4209	152.2594	124.6503	0.0
20160503-h22m42s49	31.4459	152.2644	124.6503	0.0
20160503-h22m43s22	31.4459	152.2644	124.6503	-0.0
20160503-h22m43s41	31.4459	152.2644	124.6503	0.0
20160503-h22m43s59	31.4459	152.2644	124.6503	0.0
20160503-h22m44s27	31.4459	152.2644	124.6503	-0.0
20160503-h22m44s41	31.4459	152.2644	124.6503	0.0
20160503-h22m45s02	31.4459	152.2644	124.6503	-0.0
20160503-h22m45s17	31.4459	152.2644	124.6503	0.0
20160503-h22m45s31	31.3709	152.2469	124.6503	0.0
20160503-h22m45s51	31.3709	152.2469	124.6503	0.0
20160503-h22m46s06	31.3709	152.2469	124.6503	-0.0
20160503-h22m46s36	31.3709	152.2469	124.6503	-0.0
20160503-h22m46s51	31.4459	152.2644	124.6503	0.0
20160503-h22m47s03	31.4459	152.2644	124.6503	0.0
20160503-h22m47s17	31.4459	152.2644	124.6503	0.0
20160503-h22m47s28	31.3709	152.2469	124.6503	0.0
20160503-h22m47s43	31.3709	152.2469	124.6503	0.0
20160503-h22m47s52	31.3709	152.2469	124.6503	0.0
20160503-h22m48s33	31.3709	152.2469	124.6503	0.0
20160503-h22m49s25	31.4084	152.2469	124.6503	0.0
20160503-h22m49s45	31.4084	152.2469	124.6503	-0.0
20160503-h22m50s00	31.4084	152.2469	124.6503	-0.0
20160503-h22m50s47	31.4084	152.2469	124.6503	-0.0
20160503-h22m51s39	31.4459	152.2469	124.6503	0.0
20160503-h22m51s59	31.4459	152.2469	124.6503	-0.0
20160503-h22m52s14	31.4459	152.2469	124.6503	0.0
20160503-h22m53s00	31.4459	152.2469	124.6503	0.0
20160503-h22m53s52	31.4834	152.2469	124.6503	0.0
20160503-h22m54s13	31.4834	152.2469	124.6503	0.0
20160503-h22m54s28	31.4834	152.2469	124.6503	-0.0
20160503-h22m55s14	31.4834	152.2469	124.6503	0.0
20160503-h22m56s06	31.5209	152.2469	124.6503	-0.0
20160503-h22m56s27	31.5209	152.2469	124.6503	0.0
20160503-h22m56s42	31.5209	152.2469	124.6503	-0.0
20160503-h22m57s28	31.5209	152.2469	124.6503	0.0
20160503-h22m58s20	31.5209	152.2557	124.6503	-0.0
20160503-h22m58s41	31.5209	152.2557	124.6503	0.0
20160503-h22m58s56	31.5209	152.2557	124.6503	0.0
20160503-h22m59s42	31.5209	152.2557	124.6503	0.0
20160503-h23m00s35	31.4834	152.2557	124.6503	0.0
20160503-h23m00s55	31.4834	152.2557	124.6503	-0.0
20160503-h23m01s10	31.4834	152.2557	124.6503	0.0
20160503-h23m01s57	31.4834	152.2557	124.6503	0.0
20160503-h23m02s49	31.4459	152.2557	124.6503	0.0
20160503-h23m03s10	31.4459	152.2557	124.6503	0.0
20160503-h23m03s24	31.4459	152.2557	124.6503	0.0
20160503-h23m04s11	31.4459	152.2557	124.6503	-0.0
20160503-h23m05s03	31.4084	152.2557	124.6503	-0.0
20160503-h23m05s24	31.4084	152.2557	124.6503	-0.0
20160503-h23m05s38	31.4084	152.2557	124.6503	0.0
20160503-h23m06s25	31.4084	152.2557	124.6503	-0.0
20160503-h23m07s17	31.3709	152.2557	124.6503	-0.0
20160503-h23m07s38	31.3709	152.2557	124.6503	0.0
20160503-h23m07s52	31.3709	152.2557	124.6503	0.0
20160503-h23m08s39	31.3709	152.2557	124.6503	0.0
20160503-h23m09s30	31.3709	152.2644	124.6503	0.0
20160503-h23m09s51	31.3709	152.2644	124.6503	-0.0
20160503-h23m10s06	31.3709	152.2644	124.6503	0.0
20160503-h23m10s52	31.3709	152.2644	124.6503	0.0
20160503-h23m11s45	31.4084	152.2644	124.6503	0.0
20160503-h23m12s06	31.4084	152.2644	124.6503	0.0
20160503-h23m12s20	31.4084	152.2644	124.6503	-0.0
20160503-h23m13s07	31.4084	152.2644	124.6503	0.0
20160503-h23m13s59	31.4459	152.2644	124.6503	-0.0
20160503-h23m14s20	31.4459	152.2644	124.6503	0.0
20160503-h23m14s34	31.4459	152.2644	124.6503	0.0
20160503-h23m15s21	31.4459	152.2644	124.6503	0.0
20160503-h23m16s13	31.4834	152.2644	124.6503	0.0
20160503-h23m16s34	31.4834	152.2644	124.6503	0.0
20160503-h23m16s48	31.4834	152.2644	124.6503	0.0
20160503-h23m17s35	31.4834	152.2644	124.6503	0.0
20160503-h23m18s27	31.5209	152.2644	124.6503	0.0
20160503-h23m18s48	31.5209	152.2644	124.6503	0.0
20160503-h23m19s02	31.5209	152.2644	124.6503	0.0
20160503-h23m19s49	31.5209	152.2644	124.6503	-0.0
20160503-h23m20s41	31.5209	152.2731	124.6503	0.0
20160503-h23m21s02	31.5209	152.2731	124.6503	0.0
20160503-h23m21s17	31.5209	152.2731	124.6503	0.0
20160503-h23m22s03	31.5209	152.2731	124.6503	-0.0
20160503-h23m22s55	31.4834	152.2731	124.6503	0.0
20160503-h23m23s16	31.4834	152.2731	124.6503	-0.0
20160503-h23m23s31	31.4834	152.2731	124.6503	0.0
20160503-h23m24s17	31.4834	152.2731	124.6503	-0.0
20160503-h23m25s09	31.4459	152.2731	124.6503	0.0
20160503-h23m25s30	31.4459	152.2731	124.6503	0.0
20160503-h23m25s45	31.4459	152.2731	124.6503	0.0
20160503-h23m26s31	31.4459	152.2731	124.6503	0.0
20160503-h23m27s23	31.4084	152.2731	124.6503	0.0
20160503-h23m27s44	31.4084	152.2731	124.6503	0.0
20160503-h23m27s59	31.4084	152.2731	124.6503	0.0
20160503-h23m28s44	31.4084	152.2731	124.6503	0.0
20160503-h23m29s37	31.3709	152.2731	124.6503	0.0
20160503-h23m29s57	31.3709	152.2731	124.6503	0.0
20160503-h23m30s12	31.3709	152.2731	124.6503	0.0
20160503-h23m30s59	31.3709	152.2731	124.6503	0.0
20160503-h23m31s50	31.3709	152.2819	124.6503	0.0
20160503-h23m32s11	31.3709	152.2819	124.6503	0.0
20160503-h23m32s26	31.3709	152.2819	124.6503	0.0
20160503-h23m33s12	31.3709	152.2819	124.6503	0.0
20160503-h23m34s04	31.4084	152.2819	124.6503	0.0
20160503-h23m34s25	31.4084	152.2819	124.6503	0.0
20160503-h23m34s40	31.4084	152.2819	124.6503	0.0
20160503-h23m35s26	31.4084	152.2819	124.6503	0.0
20160503-h23m36s18	31.4459	152.2819	124.6503	0.0
20160503-h23m36s39	31.4459	152.2819	124.6503	-0.0
20160503-h23m36s54	31.4459	152.2819	124.6503	0.0
20160503-h23m37s40	31.4459	152.2819	124.6503	0.0
20160503-h23m38s32	31.4834	152.2819	124.6503	0.0
20160503-h23m38s53	31.4834	152.2819	124.6503	0.0
20160503-h23m39s08	31.4834	152.2819	124.6503	0.0
20160503-h23m39s54	31.4834	152.2819	124.6503	-0.0
20160503-h23m40s46	31.5209	152.2819	124.6503	-0.0
20160503-h23m41s07	31.5209	152.2819	124.6503	0.0
20160503-h23m41s22	31.5209	152.2819	124.6503	-0.0
20160503-h23m42s08	31.5209	152.2819	124.6503	0.0
20160503-h23m43s01	31.4503	152.2649	124.6503	-0.0
20160504-h08m03s47	31.4503	152.2649	124.6503	0.0
20160504-h08m04s07	31.4503	152.2649	124.6503	0.0
20160504-h08m19s17	31.4503	152.2649	124.6503	0.0
20160504-h08m40s12	31.4503	152.2649	124.6503	0.0
20160504-h08m40s16	31.4503	152.2649	124.6503	0.0
20160504-h08m41s28	31.4503	152.2649	124.6503	0.0
20160504-h08m41s47	31.4503	152.2649	124.6503	0.0
20160504-h08m42s13	31.4503	152.2649	124.6503	-0.0
20160504-h08m45s21	31.4503	152.2649	124.6503	0.0
20160504-h08m45s41	31.4503	152.2649	124.6503	0.0
20160504-h08m55s29	31.4503	152.2649	124.6503	0.0
20160504-h09m05s11	31.4503	152.2649	124.6503	0.0
20160504-h09m05s31	31.4503	152.2649	124.6503	-0.0
20160504-h09m06s40	31.4503	152.2649	124.6503	0.0
20160504-h09m07s08	31.4503	152.2649	124.6503	0.0
20160504-h09m08s05	31.4503	152.2649	124.6503	-0.0
20160504-h09m08s33	31.4503	152.2649	124.6503	0.0
20160504-h09m18s58	31.4503	152.2649	124.6503	0.0
20160504-h09m19s18	31.4503	152.2649	124.6503	-0.0
20160504-h09m20s19	31.4503	152.2649	124.6503	0.0
20160504-h09m20s38	31.4503	152.2649	124.6503	0.0
20160504-h09m20s52	31.4503	152.2649	124.6503	0.0
20160504-h09m21s19	31.4503	152.2649	124.6503	0.0
20160504-h09m24s41	31.4503	152.2649	124.6503	0.0
20160504-h09m25s00	31.4503	152.2649	124.6503	0.0
20160504-h09m25s14	31.4503	152.2649	124.6503	-0.0
20160504-h09m25s39	31.4503	152.2649	124.6503	0.0
20160504-h12m53s48	31.4503	152.2649	124.6503	-0.0
20160504-h12m54s07	31.4503	152.2649	124.6503	0.0
20160504-h12m54s45	31.4503	152.2649	124.6503	0.0
20160504-h12m56s29	31.4503	152.2649	124.6503	-0.0
20160504-h12m56s49	31.4503	152.2649	124.6503	-0.0
20160504-h13m22s36	31.4503	152.2649	124.6503	0.0
20160504-h13m22s56	31.4503	152.2649	124.6503	0.0
20160504-h14m44s23	31.4503	152.2649	124.6503	0.0
20160504-h14m44s57	31.4503	152.2649	124.6503	0.0
20160504-h14m45s16	31.4503	152.2649	124.6503	0.0
20160504-h14m47s22	31.4503	152.2649	124.6503	0.0
20160504-h14m47s47	31.4503	152.2649	124.6503	0.0
20160504-h14m48s03	31.4503	152.2649	124.6503	0.0
20160504-h14m51s07	31.4503	152.2649	124.6503	0.0
20160504-h14m52s04	31.4503	152.2649	124.6503	0.0
20160504-h14m53s00	31.4503	152.2649	124.6503	-0.0
20160504-h14m54s24	31.4503	152.2649	124.6503	0.0
20160504-h14m55s20	31.4503	152.2649	124.6503	-0.0
20160504-h14m56s36	31.4503	152.2649	124.6503	0.0
20160504-h14m57s02	31.4503	152.2649	124.6503	0.0
20160504-h14m58s56	31.4503	152.2649	124.6503	-0.0
20160504-h14m59s28	31.4503	152.2649	124.6503	0.0
20160504-h15m00s04	31.4503	152.2649	124.6503	0.0
20160504-h15m00s35	31.4503	152.2649	124.6503	0.0
20160504-h15m21s48	31.4503	152.2649	124.6503	0.0
20160504-h15m21s58	31.4503	152.2649	124.6503	0.0
20160504-h15m25s09	31.4503	152.2649	124.6503	-0.0
20160504-h15m25s19	31.4503	152.2649	124.6503	-0.0
20160504-h15m57s28	31.4503	152.2649	124.6503	-0.0
20160504-h15m57s43	31.4503	152.2649	124.6503	-0.0
20160504-h15m59s18	31.4503	152.2649	124.6503	0.0
20160504-h15m59s33	31.4503	152.2649	124.6503	-0.0
20160504-h16m07s01	31.4503	152.2649	124.6503	-0.0
20160504-h16m07s16	31.4503	152.2649	124.6503	0.0
20160504-h16m28s22	31.4503	152.2649	124.6503	-0.0
20160504-h16m28s25	31.4503	152.2649	124.6503	0.0
20160504-h16m29s19	31.4503	152.2649	124.6503	0.0
20160504-h16m29s34	31.4503	152.2649	124.6503	0.0
20160504-h16m31s13	31.4503	152.2649	124.6503	0.0
20160504-h16m31s40	31.4503	152.2649	124.6503	-0.0
20160504-h16m32s53	31.4503	152.2649	124.6503	0.0
20160504-h16m33s20	31.4503	152.2649	124.6503	0.0
20160504-h16m40s09	31.4503	152.2649	124.6503	0.0063
20160504-h17m04s44	31.4503	152.2649	124.6503	-0.0
20160504-h17m05s15	31.4503	152.2649	124.6503	-0.0
20160504-h17m05s47	31.4503	152.2649	124.6503	0.0
20160504-h17m06s14	31.4503	152.2649	124.6503	-0.0
20160504-h17m06s46	31.4503	152.2649	124.6503	0.0
20160504-h17m07s13	31.4503	152.2649	124.6503	-0.0
20160504-h17m07s44	31.4503	152.2649	124.6503	0.0
20160504-h18m16s04	0.0	0.0	0.0	0.0
20160504-h18m16s09	0.0	0.0	0.0	0.0
20160504-h18m16s37	0.0	0.0	0.0	0.0
20160504-h18m17s04	0.0	0.0	0.0	-0.0
20160504-h18m17s36	0.0	0.0	0.0	0.0
20160504-h18m18s03	0.0	0.0	0.0	-0.0
20160504-h18m18s35	0.0	0.0	0.0	-0.0
20160504-h18m19s02	0.0	0.0	0.0	0.0
20160504-h22m29s17	31.4503	152.2649	124.6503	-0.0
20160504-h22m29s48	31.4503	152.2649	124.6503	0.0
20160504-h22m30s31	31.4503	152.2649	124.6503	0.0
20160504-h22m32s16	31.4503	152.2649	124.6503	0.0
20160504-h22m35s00	31.4503	152.2649	124.6503	0.0
20160504-h22m35s42	31.4503	152.2649	124.6503	-0.0
20160504-h22m39s43	31.4503	152.2649	124.6503	0.0
20160504-h22m40s31	31.4503	152.2649	124.6503	0.0
20160504-h22m41s14	31.4503	152.2649	124.6503	0.0
20160504-h22m42s01	31.4503	152.2649	124.6503	-0.0
20160504-h22m42s45	31.4503	152.2649	124.6503	0.0
20160504-h22m43s34	31.4503	152.2649	124.6503	0.0
20160504-h22m44s17	31.4503	152.2649	124.6503	-0.0
20160504-h22m45s07	31.4503	152.2649	124.6503	-0.0
20160506-h12m48s16	31.4503	152.2649	124.6503	0.0
20160506-h12m49s37	31.4503	152.2649	124.6503	0.0
20160506-h12m50s31	31.4503	152.2649	124.6503	0.0
20160506-h12m51s43	31.4503	152.2649	124.7503	0.0
20160506-h12m53s18	31.4503	152.2649	124.8	-0.0
20160506-h12m55s10	31.4503	152.2649	124.8	0.0
20160506-h13m10s25	30.1351	152.2178	124.8	0.0
20160506-h13m10s50	30.1351	152.2178	124.8	0.0
20160506-h13m12s04	30.1351	152.2178	124.8	0.0
20160506-h13m13s32	30.1351	152.2178	124.8	-0.0
20160506-h13m18s38	30.1351	152.2178	124.8	-0.0
20160506-h13m49s41	31.3763	152.2344	124.8	-0.0
20160506-h13m50s52	31.3763	152.2344	124.8	-0.0
20160506-h13m52s19	31.3763	152.2344	124.8	-0.0
20160506-h13m52s52	31.1263	152.1594	124.8	0.0
20160506-h13m53s28	31.3763	152.2344	124.8	0.0
20160506-h13m53s51	31.1263	152.1594	124.8	0.0
20160506-h13m54s34	31.3763	152.2344	124.8	0.0
20160506-h13m57s57	31.3763	152.2344	124.8	-0.0
20160506-h13m59s17	31.3763	152.2344	124.8	-0.0
20160506-h14m00s53	31.3763	152.2344	124.8	0.0
20160506-h14m01s18	31.3763	152.2344	124.8	0.0
20160506-h14m03s08	31.3763	152.2344	124.8	0.0
20160506-h14m36s14	31.3763	152.2344	124.8	-0.0
20160506-h14m37s53	31.3763	152.2344	124.8	0.0
20160506-h14m38s17	31.3763	152.2344	124.8	0.0
20160506-h14m39s58	31.3763	152.3344	124.8	0.0
20160506-h14m41s12	31.3763	152.2344	124.8	-0.0
20160506-h14m42s21	31.4763	152.2344	124.8	0.0
20160506-h14m43s33	31.3763	152.2344	124.8	-0.0
20160506-h14m44s01	31.1263	152.1594	124.8	0.0
20160506-h14m44s19	31.1263	152.1594	124.8	0.0
20160506-h14m44s33	31.1263	152.1594	124.8	0.0
20160506-h14m44s51	31.2513	152.1594	124.8	0.0
20160506-h14m45s11	31.2513	152.1594	124.8	0.0
20160506-h14m45s26	31.2513	152.1594	124.8	0.0
20160506-h14m45s48	31.3763	152.1594	124.8	0.0
20160506-h14m46s09	31.3763	152.1594	124.8	0.0
20160506-h14m46s24	31.3763	152.1594	124.8	0.0
20160506-h14m46s46	31.5013	152.1594	124.8	-0.0
20160506-h14m47s07	31.5013	152.1594	124.8	-0.0
20160506-h14m47s21	31.5013	152.1594	124.8	0.0
20160506-h14m47s44	31.6263	152.1594	124.8	0.0
20160506-h14m48s05	31.6263	152.1594	124.8	0.0
20160506-h14m48s19	31.6263	152.1594	124.8	0.0
20160506-h14m48s42	31.6263	152.1969	124.8	0.0
20160506-h14m49s03	31.6263	152.1969	124.8	0.0
20160506-h14m49s17	31.6263	152.1969	124.8	0.0
20160506-h14m49s39	31.5013	152.1969	124.8	0.0
20160506-h14m50s00	31.5013	152.1969	124.8	0.0
20160506-h14m50s15	31.5013	152.1969	124.8	-0.0
20160506-h14m50s37	31.3763	152.1969	124.8	0.0
20160506-h14m50s58	31.3763	152.1969	124.8	0.0
20160506-h14m51s13	31.3763	152.1969	124.8	0.0
20160506-h14m51s35	31.2513	152.1969	124.8	0.0
20160506-h14m51s56	31.2513	152.1969	124.8	0.0
20160506-h14m52s10	31.2513	152.1969	124.8	0.0
20160506-h14m52s33	31.1263	152.1969	124.8	-0.0
20160506-h14m52s53	31.1263	152.1969	124.8	0.0
20160506-h14m53s08	31.1263	152.1969	124.8	0.0
20160506-h14m53s30	31.1263	152.2344	124.8	-0.0
20160506-h14m53s51	31.1263	152.2344	124.8	-0.0
20160506-h14m54s06	31.1263	152.2344	124.8	-0.0
20160506-h14m54s28	31.2513	152.2344	124.8	0.0
20160506-h14m54s49	31.2513	152.2344	124.8	0.0
20160506-h14m55s03	31.2513	152.2344	124.8	0.0
20160506-h14m55s26	31.3763	152.2344	124.8	-0.0
20160506-h14m55s46	31.3763	152.2344	124.8	-0.0
20160506-h14m55s56	31.3763	152.2344	124.8	-0.0
20160506-h14m56s18	31.5013	152.2344	124.8	-0.0
20160506-h14m56s39	31.5013	152.2344	124.8	0.0
20160506-h14m56s54	31.5013	152.2344	124.8	0.0
20160506-h14m57s16	31.6263	152.2344	124.8	-0.0
20160506-h14m57s37	31.6263	152.2344	124.8	-0.0
20160506-h14m57s52	31.6263	152.2344	124.8	-0.0
20160506-h14m58s14	31.6263	152.2719	124.8	0.0
20160506-h14m58s35	31.6263	152.2719	124.8	0.0
20160506-h14m58s50	31.6263	152.2719	124.8	0.0
20160506-h14m59s12	31.5013	152.2719	124.8	0.0
20160506-h14m59s33	31.5013	152.2719	124.8	0.0
20160506-h14m59s47	31.5013	152.2719	124.8	0.0
20160506-h15m00s10	31.3763	152.2719	124.8	0.0
20160506-h15m00s30	31.3763	152.2719	124.8	-0.0
20160506-h15m00s45	31.3763	152.2719	124.8	0.0
20160506-h15m01s07	31.2513	152.2719	124.8	0.0
20160506-h15m01s28	31.2513	152.2719	124.8	0.0
20160506-h15m01s43	31.2513	152.2719	124.8	0.0
20160506-h15m02s05	31.1263	152.2719	124.8	0.0
20160506-h15m02s26	31.1263	152.2719	124.8	-0.0
20160506-h15m02s40	31.1263	152.2719	124.8	0.0
20160506-h15m03s03	31.1263	152.3094	124.8	0.0
20160506-h15m03s23	31.1263	152.3094	124.8	0.0
20160506-h15m03s38	31.1263	152.3094	124.8	0.0
20160506-h15m04s00	31.2513	152.3094	124.8	0.0
20160506-h15m04s21	31.2513	152.3094	124.8	0.0
20160506-h15m04s36	31.2513	152.3094	124.8	-0.0
20160506-h15m04s58	31.3763	152.3094	124.8	-0.0
20160506-h15m05s19	31.3763	152.3094	124.8	0.0
20160506-h15m05s34	31.3763	152.3094	124.8	-0.0
20160506-h15m05s56	31.5013	152.3094	124.8	-0.0
20160506-h15m06s17	31.5013	152.3094	124.8	0.0
20160506-h15m06s31	31.5013	152.3094	124.8	0.0
20160506-h15m06s54	31.6263	152.3094	124.8	0.0
20160506-h15m07s15	31.6263	152.3094	124.8	0.0
20160506-h15m07s29	31.6263	152.3094	124.8	0.0
20160506-h15m07s52	31.3069	152.2223	124.8	0.0
20160506-h15m15s08	31.3069	152.2223	124.8	0.0
20160506-h15m15s51	31.3069	152.2223	124.8	-0.0
20160506-h15m18s01	31.3069	152.2223	124.8	-0.0
20160506-h15m18s45	31.3069	152.2223	124.8	0.0
20160506-h15m19s15	31.3069	152.2223	124.8	0.0
20160506-h15m19s52	31.3069	152.2223	124.8	0.0
20160506-h15m22s16	31.3069	152.2223	124.8	-0.0
20160506-h15m22s57	31.3069	152.2223	124.8	0.0
20160506-h15m31s44	31.3069	152.2223	124.8	-0.0
20160506-h15m32s33	31.3069	152.2223	124.8	0.0
20160506-h15m33s07	31.3069	152.2223	124.8	0.0
20160506-h15m33s30	31.3069	152.2223	124.8	0.0
20160506-h15m33s46	31.3069	152.2223	124.8	0.0
20160506-h15m36s46	31.3069	152.2223	124.8	-0.0
20160509-h10m19s35	29.9508	145.5363	124.5998	0.0
20160509-h10m20s21	29.9508	145.5363	124.5998	0.0
20160509-h10m21s25	29.9508	145.5363	124.5998	0.0
20160509-h10m21s59	29.9508	145.5363	124.5998	-0.0
20160509-h10m22s53	29.9508	145.5363	124.5998	0.0
20160509-h10m25s19	29.9508	145.5363	124.5998	0.0
20160509-h10m25s42	29.7008	145.4613	124.5998	0.0
20160509-h10m26s02	29.7008	145.4613	124.5998	-0.0
20160509-h10m26s16	29.7008	145.4613	124.5998	0.0
20160509-h10m27s11	29.9508	145.5363	124.5998	0.0
20160509-h10m27s48	29.9508	145.5363	124.5998	0.0
20160509-h10m28s23	29.7008	145.4613	124.5998	0.0
20160509-h10m28s40	29.7008	145.4613	124.5998	0.0
20160509-h10m28s54	29.7008	145.4613	124.5998	-0.0
20160509-h10m49s02	29.8776	145.5083	124.5998	0.0
20160509-h10m49s31	29.8776	145.5083	124.5998	0.0
20160509-h10m50s04	29.8776	145.5083	124.5998	0.0
20160509-h10m51s21	29.9969	145.5257	124.5998	0.0
20160509-h10m51s36	29.9969	145.5257	124.5998	0.0
20160509-h10m52s24	29.9969	145.5257	124.5998	-0.0
20160509-h10m52s38	29.9969	145.5257	124.5998	-0.0
20160509-h10m52s48	29.9969	145.5257	124.5998	0.0
20160509-h10m53s25	29.9969	145.5257	124.5998	-0.0
20160509-h10m53s56	29.9969	145.5257	124.5998	-0.0
20160509-h10m54s10	29.9969	145.5257	124.5998	-0.0
20160509-h10m58s16	29.9969	145.5257	124.5998	0.0
20160509-h10m58s29	29.9969	145.5257	124.5998	0.0
20160509-h11m04s51	29.7008	145.4613	124.5998	0.0
20160509-h11m05s12	29.7008	145.4613	124.5998	0.0
20160509-h11m05s26	29.7008	145.4613	124.5998	0.0
20160509-h11m08s03	29.9414	145.5349	124.5998	-0.0
20160509-h11m08s18	29.9414	145.5349	124.5998	0.0
20160509-h11m08s34	29.9414	145.5349	124.5998	0.0
20160509-h11m08s48	29.9414	145.5349	124.5998	0.0
20160509-h11m11s21	30.4414	145.5349	124.5998	-0.0
20160509-h11m11s36	30.4414	145.5349	124.5998	0.0
20160509-h11m13s15	29.9414	146.7349	124.5998	0.0
20160509-h11m13s30	29.9414	146.7349	124.5998	0.0
20160509-h11m14s58	29.9414	146.7349	124.5998	-0.0
20160509-h11m16s40	29.9414	146.5349	124.5998	-0.0
20160509-h11m19s42	29.9414	146.5349	124.5998	0.0
20160509-h11m38s07	29.9414	146.5349	124.5998	0.0
20160509-h12m08s59	29.9414	146.5349	124.5998	0.0
20160509-h12m10s40	29.9414	146.5349	124.5998	0.0
20160509-h12m15s09	29.8776	145.5083	124.5998	-0.0
20160509-h12m16s17	29.8776	145.5083	124.65	0.0
20160509-h12m17s21	29.8776	145.5083	124.7	0.0
20160509-h12m17s51	29.8776	145.5083	124.7	0.0
20160509-h12m35s54	29.8358	145.5622	124.7	0.0
20160509-h12m37s11	29.5858	145.4872	124.7	0.0
20160509-h12m37s21	29.5858	145.4872	124.7	0.0
20160509-h12m37s33	29.5858	145.4872	124.7	-0.0
20160509-h12m38s11	29.8101	145.5549	124.7	0.0
20160509-h12m38s49	29.8101	145.5549	124.7	-0.0
20160509-h12m39s08	29.5601	145.4799	124.7	0.0
20160509-h12m39s25	29.5601	145.4799	124.7	0.0
20160509-h12m39s40	29.5601	145.4799	124.7	0.0
20160509-h12m40s03	29.7801	145.5461	124.7	0.0
20160509-h12m40s41	29.7801	145.5461	124.7	0.0
20160509-h12m43s43	29.7801	145.5461	124.7	-0.0
20160509-h12m44s03	29.7801	145.5461	124.7	0.0
20160509-h12m47s26	29.7801	145.5461	124.7	0.0
20160509-h12m47s35	29.7801	145.5461	124.7	-0.0
20160509-h12m48s22	29.7801	145.5461	124.7	0.0
20160509-h12m48s38	29.7801	145.5461	124.7	-0.0
20160509-h12m50s40	29.7801	145.5461	124.7	0.0
20160509-h12m50s55	29.7801	145.5461	124.7	0.0
20160509-h12m51s32	29.7801	145.5461	124.7	0.0
20160509-h12m51s59	29.7801	145.5461	124.7	-0.0
20160509-h12m52s31	29.7801	145.5461	124.7	0.0
20160509-h12m52s58	29.7801	145.5461	124.7	0.0
20160509-h12m53s30	29.7801	145.5461	124.7	-0.0
20160509-h12m53s57	29.7801	145.5461	124.7	0.0
20160509-h12m54s30	29.7801	145.5461	124.7	0.0
20160509-h13m11s14	29.7801	145.5461	124.7	0.0
20160509-h13m11s29	29.7801	145.5461	124.7	-0.0
20160509-h13m11s41	29.7801	145.5461	124.7	0.0
20160509-h13m12s12	29.7801	145.5461	124.7	0.0
20160524-h14m27s02	30.0102	152.4866	123.8016	0.0
20160524-h14m27s16	30.0102	152.4866	123.8016	-0.0
20160524-h14m27s30	30.0102	152.4866	123.8016	0.0
20160524-h14m27s44	30.0102	152.4866	123.8016	0.0
20160524-h14m27s58	30.0102	152.4866	123.8016	-0.0
20160524-h14m28s11	30.0102	152.4866	123.8016	0.0
20160524-h14m28s26	30.0102	152.4866	123.8016	-0.0
20160524-h14m28s39	30.0102	152.4866	123.8016	0.0
20160524-h14m29s31	30.0102	152.4866	123.8016	0.0
20160524-h14m30s48	30.0102	152.4866	123.8016	-0.0
20160524-h14m31s38	30.0102	152.4866	123.8016	0.0
20160524-h14m32s56	30.0102	152.4866	123.8016	-0.0
20160524-h14m33s53	30.0102	152.4866	123.8016	0.0
20160524-h14m35s10	30.0102	152.4866	123.8016	-0.0
20160524-h14m36s28	30.0102	152.4866	123.8016	-0.0
20160524-h14m37s07	30.0102	152.4866	123.8016	0.0
20160524-h14m37s55	30.0102	152.4866	123.8016	-0.0
20160524-h14m38s39	30.0102	152.4866	123.8016	-0.0
20160524-h14m39s28	30.0102	152.4866	123.8016	0.0
20160524-h14m41s52	30.0102	152.4866	123.8016	-0.0
20160524-h14m42s33	30.0102	152.4866	123.8016	-0.0
20160524-h14m43s15	30.0102	152.4866	123.8016	-0.0
20160524-h14m43s56	30.0102	152.4866	123.8016	0.0
20160524-h14m44s38	30.0102	152.4866	123.8016	0.0
20160524-h14m45s20	30.0102	152.4866	123.8016	0.0
20160524-h14m46s01	30.0102	152.4866	123.8016	0.0
20160524-h14m46s40	30.0102	152.4866	123.8016	0.0
20160524-h14m48s17	30.0102	152.4866	123.8016	0.0
20160524-h14m48s29	30.0102	152.4866	123.8016	0.0
20160524-h14m49s12	30.0102	152.4866	123.8016	0.0
20160524-h14m49s53	30.0102	152.4866	123.8016	-0.0
20160524-h14m50s35	30.0102	152.4866	123.8016	-0.0
20160524-h14m51s11	30.0102	152.4866	123.8016	0.0
20160524-h15m24s32	30.0102	152.4866	123.8016	-0.0
20160524-h15m25s01	30.0102	152.4866	123.8016	0.0
20160524-h15m26s08	30.0102	152.4866	123.8016	-0.0
20160524-h15m27s46	30.0102	152.4866	123.8016	0.0
20160524-h15m28s28	30.0102	152.4866	123.8016	0.0
20160524-h15m29s10	30.0102	152.4866	123.8016	-0.0
20160524-h15m29s52	30.0102	152.4866	123.8016	-0.0
20160524-h15m30s35	30.0102	152.4866	123.8016	-0.0
20160524-h15m31s17	30.0102	152.4866	123.8016	-0.0
20160524-h15m31s59	30.0102	152.4866	123.8016	0.0
20160524-h15m32s41	30.0102	152.4866	123.8016	0.0
20160524-h15m34s29	30.0102	152.4866	123.8016	0.0
20160524-h15m34s43	30.0102	152.4866	123.8016	-0.0
20160524-h15m35s56	30.0102	152.4866	123.8016	0.0
20160524-h15m37s10	30.0102	152.4866	123.8016	0.0
20160524-h15m38s23	30.0102	152.4866	123.8016	0.0
20160524-h15m39s36	30.0102	152.4866	123.8016	-0.0
20160524-h15m40s49	30.0102	152.4866	123.8016	0.0
20160524-h15m42s03	30.0102	152.4866	123.8016	-0.0
20160524-h15m43s16	30.0102	152.4866	123.8016	0.0
20160524-h15m44s29	30.0102	152.4866	123.8016	0.0
20160524-h15m45s43	30.0102	152.4866	123.8016	0.0
20160524-h15m46s56	30.0102	152.4866	123.8016	0.0
20160524-h15m48s09	30.0102	152.4866	123.8016	0.0
20160524-h15m49s22	30.0102	152.4866	123.8016	0.0
20160524-h15m50s35	30.0102	152.4866	123.8016	-0.0
20160524-h15m51s49	30.0102	152.4866	123.8016	0.0
20160524-h15m53s02	30.0102	152.4866	123.8016	0.0
20160524-h16m17s39	30.0102	152.4866	123.8016	-0.0
20160524-h16m18s52	30.0102	152.4866	123.8016	0.0
20160524-h16m20s05	30.0102	152.4866	123.8016	0.0
20160524-h16m24s04	30.0102	152.4866	123.8016	0.0
20160524-h16m25s37	30.0102	152.4866	123.8016	0.0
20160524-h16m26s50	30.0102	152.4866	123.8016	0.0
20160524-h16m28s03	30.0102	152.4866	123.8016	0.0
20160524-h16m29s17	30.0102	152.4866	123.8016	-0.0
20160524-h16m30s23	30.0102	152.4866	123.8016	-0.0
20160524-h16m49s28	30.0102	152.4866	124.25	0.0
20160524-h16m50s00	30.0102	152.4866	124.25	0.0
20160524-h16m50s56	30.0102	152.4866	124.25	0.0
20160524-h16m52s31	30.0102	152.4866	124.25	0.0
20160524-h16m54s05	30.0102	152.4866	124.25	0.0
20160524-h16m55s40	30.0102	152.4866	124.25	0.0
20160524-h16m57s14	30.0102	152.4866	124.25	-0.0
20160524-h16m58s23	30.0102	152.4866	124.25	0.0
20160524-h16m59s45	30.0102	152.4866	124.25	0.0
20160524-h17m03s18	30.0102	152.4866	124.25	-0.0
20160524-h17m04s09	30.0102	152.4866	124.25	0.0
20160524-h17m04s52	30.0102	152.4866	124.25	0.0
20160524-h17m05s54	30.0102	152.4866	124.25	-0.0
20160524-h17m09s53	30.0102	152.4866	124.25	-0.0
20160524-h17m13s44	30.0102	152.4866	124.25	0.0
20160524-h17m21s10	30.0102	152.4866	124.25	0.0
20160524-h17m22s45	30.0102	152.4866	124.25	-0.0
20160524-h17m23s12	30.0102	152.4866	124.25	0.0
20160524-h17m24s11	30.0102	152.4866	124.25	-0.0
20160524-h17m27s19	30.0102	152.4866	124.25	0.0
20160524-h17m28s16	30.0102	152.4866	124.25	0.0
20160525-h08m53s03	30.0102	152.4866	124.25	0.0
20160525-h09m16s24	30.0102	152.4866	124.25	-0.0
20160525-h09m17s12	30.0102	152.4866	124.25	0.0
20160525-h09m19s23	30.0102	152.4866	124.25	0.0
20160525-h09m21s40	30.0102	152.4866	124.25	0.0
20160525-h09m36s27	30.0102	152.4866	124.25	-0.0
20160525-h09m39s11	30.0102	152.4866	124.25	0.0
20160525-h09m40s07	30.0102	152.4866	124.25	0.0
20160525-h09m42s36	30.0102	152.4866	124.25	-0.0
20160525-h09m44s24	30.0102	152.4866	124.25	0.0
20160525-h09m48s49	30.0102	152.4866	124.25	0.0
20160525-h09m51s38	30.0102	152.4866	124.25	-0.0
20160525-h09m54s13	30.0102	152.4866	124.25	0.0
20160525-h09m56s24	30.0102	152.4866	124.25	0.0
20160525-h09m57s12	30.0102	152.4866	124.25	0.0
20160525-h09m59s04	30.0102	152.4866	124.25	0.0
20160525-h09m59s47	30.0102	152.4866	124.25	0.0
20160525-h10m01s09	30.0102	152.4866	124.25	0.0
20160525-h10m01s46	30.0102	152.4866	124.25	-0.0
20160525-h10m04s11	30.0102	152.4866	124.25	-0.0
20160525-h10m06s06	30.0102	152.4866	124.25	0.0
20160525-h10m14s30	30.0102	152.4866	124.25	0.0
20160525-h10m14s59	30.0102	152.4866	124.25	0.0
20160525-h10m15s27	30.0102	152.4866	124.25	0.0
20160525-h10m15s56	30.0102	152.4866	124.25	0.0
20160525-h10m20s47	30.0102	152.4866	124.25	-0.0
20160525-h10m21s20	30.0102	152.4866	124.25	0.0
20160525-h10m21s49	30.0102	152.4866	124.25	0.0
20160525-h10m22s17	30.0102	152.4866	124.25	0.0
20160525-h10m22s46	30.0102	152.4866	124.25	-0.0
20160525-h10m24s16	30.0102	152.4866	124.25	-0.0
20160525-h10m24s45	30.0102	152.4866	124.25	0.0
20160525-h10m27s11	30.0102	152.4866	124.25	0.0
20160525-h10m29s06	30.0102	152.4866	124.25	-0.0
20160525-h10m36s00	30.0102	152.4866	124.25	-0.0
20160525-h10m37s14	30.0102	152.4866	124.25	-0.0
20160525-h10m45s31	30.0102	152.4866	124.25	0.0
20160525-h10m48s54	30.0102	152.4866	124.25	-0.0
20160525-h10m49s23	30.0102	152.4866	124.25	0.0
20160525-h10m49s53	30.0102	152.4866	124.25	0.0
20160525-h10m50s21	30.0102	152.4866	124.25	0.0
20160525-h10m51s35	30.0102	152.4866	124.25	0.0
20160525-h10m52s04	30.0102	152.4866	124.25	0.0
20160525-h10m52s33	30.0102	152.4866	124.25	0.0
20160525-h10m53s02	30.0102	152.4866	124.25	0.0
20160525-h10m53s31	30.0102	152.4866	124.25	0.0
20160525-h10m55s54	30.0102	152.4866	124.25	0.0
20160525-h10m56s23	30.0102	152.4866	124.25	-0.0
20160525-h10m58s27	30.0102	152.4866	124.25	-0.0
20160525-h10m58s56	30.0102	152.4866	124.25	0.0
20160525-h10m59s25	30.0102	152.4866	124.25	0.0
20160525-h10m59s54	30.0102	152.4866	124.25	0.0
20160525-h11m02s36	30.0102	152.4866	124.25	0.0
20160525-h11m03s05	30.0102	152.4866	124.25	-0.0
20160525-h11m03s34	30.0102	152.4866	124.25	0.0
20160525-h11m04s31	30.0102	152.4866	124.25	0.0
20160525-h11m06s53	30.0102	152.4866	124.25	-0.0
20160525-h11m07s22	30.0102	152.4866	124.25	0.0
20160525-h11m07s51	30.0102	152.4866	124.25	0.0
20160525-h11m08s19	30.0102	152.4866	124.25	0.0
20160525-h11m09s01	30.0102	152.4866	124.25	0.0
20160525-h11m09s30	30.0102	152.4866	124.25	-0.0
20160525-h11m09s59	30.0102	152.4866	124.25	0.0
20160525-h11m10s27	30.0102	152.4866	124.25	-0.0
20160525-h11m12s18	30.0102	152.4866	124.25	0.0
20160525-h11m14s40	30.0102	152.4866	124.25	0.0
20160525-h11m16s51	30.0102	152.4866	124.25	0.0
20160525-h11m17s20	30.0102	152.4866	124.25	0.0
20160525-h11m17s49	30.0102	152.4866	124.25	0.0
20160525-h11m19s10	30.0102	152.4866	124.25	0.0
20160525-h11m21s32	30.0102	152.4866	124.25	0.0
20160525-h11m23s43	30.0102	152.4866	124.25	0.0
20160525-h11m24s12	30.0102	152.4866	124.25	0.0
20160525-h11m24s41	30.0102	152.4866	124.25	-0.0
20160525-h12m13s22	30.0102	152.4866	124.25	0.0
20160525-h12m14s23	30.0102	152.4866	124.25	-0.0
20160525-h12m15s20	30.0102	152.4866	124.25	0.0
20160525-h12m16s04	30.0102	152.4866	124.25	0.0
20160525-h12m16s28	30.0102	152.4866	124.25	0.0
20160525-h12m17s09	30.0102	152.4866	124.25	-0.0
20160525-h12m18s25	30.0102	152.4866	124.25	-0.0
20160525-h12m23s27	30.0102	152.4866	124.25	0.0
20160525-h12m26s26	30.0102	152.4866	124.25	0.0
20160525-h12m30s13	30.0102	152.4866	124.25	0.0
20160525-h12m32s09	30.0102	152.4866	124.25	-0.0
20160525-h13m00s18	30.0102	152.4866	124.25	0.0
20160525-h13m11s46	30.0102	152.4866	124.25	0.0
20160525-h13m14s41	30.0102	152.4866	124.25	0.0
20160525-h13m15s32	30.0102	152.4866	124.25	0.0
20160525-h13m16s44	30.0102	152.4866	124.25	-0.0
20160525-h13m17s58	30.0102	152.4866	124.25	0.0
20160525-h13m19s37	30.0102	152.4866	124.25	0.0
20160525-h13m21s09	30.0102	152.4866	124.25	0.0
20160525-h13m26s02	30.0102	152.4866	124.25	0.0
20160525-h13m26s53	30.0102	152.4866	124.25	0.0
20160525-h13m27s28	30.0102	152.4866	124.25	0.0
20160525-h13m30s03	30.0102	152.4866	124.25	0.0
20160525-h13m35s34	30.0102	152.4866	124.25	-0.0
20160525-h13m37s42	30.0102	152.4866	124.25	0.0
20160525-h13m38s03	30.0102	152.4866	124.25	0.0
20160525-h13m55s54	30.0102	152.4866	124.25	0.0
20160525-h14m02s25	30.0102	152.4866	124.25	0.0
20160525-h14m03s06	30.0102	152.4866	124.25	-0.0
20160525-h14m04s11	30.0102	152.4866	124.25	0.0
20160525-h14m06s09	30.0102	152.4866	124.25	0.0
20160525-h14m07s18	30.0102	152.4866	124.25	0.0
20160525-h14m08s12	30.0102	152.4866	124.25	0.0
20160525-h14m09s45	30.0102	152.4866	124.25	0.0
20160525-h14m10s49	30.0102	152.4866	124.25	-0.0
20160525-h14m14s36	30.0102	152.4866	124.25	0.0
20160525-h14m15s34	30.0102	152.4866	124.25	0.0
20160525-h14m17s44	30.0102	152.4866	124.25	-0.0
20160525-h14m21s27	30.0102	152.4866	124.25	0.0
20160525-h15m02s45	30.0102	152.4866	124.25	0.0
20160525-h15m05s21	30.0102	152.4866	124.25	0.0
20160525-h15m06s23	30.0102	152.4866	124.25	0.0
20160525-h15m09s04	30.0102	152.4866	124.25	-0.0
20160525-h15m21s08	30.0102	152.4866	124.25	-0.0
20160525-h15m21s21	30.0102	152.4866	124.25	0.0
20160525-h15m22s13	30.0102	152.4866	124.25	-0.0
20160525-h15m22s25	30.0102	152.4866	124.25	0.0
20160525-h15m23s18	30.0102	152.4866	124.25	-0.0
20160525-h15m23s59	30.0102	152.4866	124.25	0.0
20160525-h15m24s38	30.0102	152.4866	124.25	0.0
20160525-h15m24s57	30.0102	152.4866	124.25	-0.0
20160525-h15m27s07	30.0102	152.4866	124.25	0.0
20160525-h15m27s26	30.0102	152.4866	124.25	0.0
20160525-h15m27s45	30.0102	152.4866	124.25	0.0
20160525-h15m33s14	30.0102	152.4866	124.25	0.0
20160525-h15m33s33	30.0102	152.4866	124.25	-0.0
20160525-h15m33s53	30.0102	152.4866	124.25	0.0
20160525-h15m44s20	30.0102	152.4866	124.25	-0.0
20160525-h15m45s28	30.0102	152.4866	124.25	0.0
20160525-h15m48s27	30.0102	152.4866	124.25	0.0
20160525-h15m48s42	30.0102	152.4866	124.25	0.0
20160525-h15m49s08	30.0102	152.4866	124.25	0.0
20160525-h15m52s15	30.0102	152.4866	124.25	-0.0
20160525-h15m54s14	30.0102	152.4866	124.25	-0.0
20160525-h15m57s49	30.0102	152.4866	124.25	0.0
20160525-h15m58s09	30.0102	152.4866	124.25	0.0
20160525-h15m58s28	30.0102	152.4866	124.25	0.0
20160525-h15m58s47	30.0102	152.4866	124.25	0.0
20160525-h16m22s47	30.0102	152.4866	124.25	0.0
20160525-h16m23s27	30.0102	152.4866	124.25	-0.0
20160525-h16m27s23	30.0102	152.4866	124.25	0.0
20160525-h16m27s43	30.0102	152.4866	124.25	0.0
20160525-h16m28s02	30.0102	152.4866	124.25	-0.0
20160525-h16m28s12	30.0102	152.4866	124.25	-0.0
20160525-h16m28s55	30.0102	152.4866	124.25	0.0
20160525-h16m29s15	30.0102	152.4866	124.25	0.0
20160525-h16m29s34	30.0102	152.4866	124.25	0.0
20160525-h16m30s11	30.0102	152.4866	124.25	-0.0
20160525-h16m30s30	30.0102	152.4866	124.25	-0.0
20160525-h16m30s49	30.0102	152.4866	124.25	0.0
20160525-h16m31s08	30.0102	152.4866	124.25	0.0
20160525-h16m32s10	30.0102	152.4866	124.25	0.0
20160525-h16m32s30	30.0102	152.4866	124.25	0.0
20160525-h17m10s27	30.0102	152.4866	124.25	-0.0
20160525-h17m11s55	30.0102	152.4866	124.25	0.0
20160525-h17m12s15	30.0102	152.4866	124.25	0.0
20160525-h17m19s00	30.0102	152.4866	124.25	-0.0
20160525-h17m19s13	30.0102	152.4866	124.25	0.0
20160525-h17m25s52	30.0102	152.4866	124.25	0.0
20160525-h17m26s11	30.0102	152.4866	124.25	-0.0
20160525-h17m26s52	30.0102	152.4866	124.25	-0.0
20160525-h17m27s12	30.0102	152.4866	124.25	0.0
20160525-h17m27s31	30.0102	152.4866	124.25	-0.0
20160525-h17m27s50	30.0102	152.4866	124.25	-0.0
20160525-h17m28s03	30.0102	152.4866	124.25	0.0
20160525-h17m30s27	30.0102	152.4866	124.25	0.0
20160525-h17m32s09	30.0102	152.4866	124.25	0.0
20160525-h17m33s39	30.0102	152.4866	124.25	0.0
20160525-h17m35s03	30.0102	152.4866	124.25	-0.0
20160526-h12m12s59	30.0102	152.4866	124.25	-0.0
20160526-h12m15s05	30.0102	152.4866	124.25	0.0
20160526-h12m15s39	30.0102	152.4866	124.25	0.0
20160526-h12m16s50	30.0102	152.4866	124.25	0.0
20160526-h12m17s12	30.0102	152.4866	124.25	0.0
20160526-h12m17s33	30.0102	152.4866	124.25	-0.0
20160526-h12m19s57	30.0102	152.4866	124.25	0.0
20160526-h12m21s40	30.0102	152.4866	124.25	-0.0
20160526-h12m23s09	30.0102	152.4866	124.25	-0.0
20160526-h12m24s35	30.0102	152.4866	124.25	0.0
20160526-h20m46s35	29.9523	152.3744	124.25	0.0
20160526-h20m46s58	29.9523	152.3744	124.25	0.0
20160526-h20m47s31	29.9523	152.3744	124.25	-0.0
20160526-h20m47s59	29.9523	152.3744	124.25	0.0
20160526-h21m49s45	29.9523	152.3744	124.25	-0.0
20160526-h21m50s17	29.9523	152.3744	124.25	0.0
20160526-h21m51s00	29.9523	152.3744	124.25	-0.0
20160526-h21m51s37	29.9523	152.3744	124.25	-0.0
20160526-h21m53s11	29.9523	152.3744	124.25	0.0
20160526-h22m02s36	29.9523	152.3744	124.25	0.0
20160526-h22m33s48	29.9523	152.5744	124.25	0.0
20160527-h19m50s14	29.8471	152.2631	124.25	0.0
20160528-h09m16s36	29.4869	152.3281	124.25	0.0
20160528-h09m17s43	29.4869	152.3281	124.25	0.0
20160528-h09m19s27	29.4869	152.3281	124.25	-0.0
20160528-h09m21s07	29.4869	152.3281	124.25	0.0
20160528-h09m21s56	29.4869	152.3281	124.25	-0.0
20160528-h09m23s21	29.4869	152.3281	124.25	0.0
20160528-h09m25s33	29.4869	152.3281	124.25	-0.0
20160528-h09m25s54	29.4869	152.3281	124.25	-0.0
20160528-h09m29s49	29.4869	152.3281	124.25	-0.0
20160528-h09m32s15	29.4869	152.3281	124.25	0.0
20160528-h09m34s12	29.4869	152.3281	124.25	0.0
20160528-h09m35s55	29.4869	152.3281	124.25	0.0
20160528-h09m37s30	29.4869	152.3281	124.25	0.0
20160528-h09m39s01	29.4869	152.3281	124.25	0.0
20160528-h09m40s29	29.4869	152.3281	124.25	0.0
20160528-h09m41s57	29.4869	152.3281	124.25	0.0
20160528-h09m43s24	29.4869	152.3281	124.25	-0.0
20160528-h09m44s50	29.4869	152.3281	124.25	-0.0
20160528-h09m46s16	29.4869	152.3281	124.25	-0.0
20160528-h09m47s42	29.4869	152.3281	124.25	0.0
20160528-h09m49s07	29.4869	152.3281	124.25	0.0
20160528-h17m35s01	29.4869	152.3281	124.25	0.0
20160528-h17m35s32	29.4869	152.3281	124.25	0.0
20160528-h17m36s12	29.4869	152.3281	124.25	0.0
20160528-h17m37s06	29.4869	152.3281	124.25	-0.0
20160528-h17m37s38	29.4869	152.3281	124.25	0.0
20160528-h17m40s14	29.9562	151.9789	124.25	0.0
20160528-h17m40s51	30.2062	152.0539	124.25	0.0
20160528-h17m43s07	29.4869	152.3281	124.25	0.0
20160528-h17m43s28	29.9562	151.9789	124.25	0.0
20160528-h17m43s48	29.9562	151.9789	124.25	0.0
20160528-h17m44s03	29.9562	151.9789	124.25	0.0
20160528-h17m44s54	30.0276	151.9789	124.25	0.0
20160528-h17m45s15	30.0276	151.9789	124.25	0.0
20160528-h17m45s29	30.0276	151.9789	124.25	-0.0
20160528-h17m46s20	30.0991	151.9789	124.25	0.0
20160528-h17m46s41	30.0991	151.9789	124.25	-0.0
20160528-h17m46s56	30.0991	151.9789	124.25	-0.0
20160528-h17m47s46	30.1705	151.9789	124.25	-0.0
20160528-h17m48s07	30.1705	151.9789	124.25	0.0
20160528-h17m48s22	30.1705	151.9789	124.25	0.0
20160528-h17m49s13	30.2419	151.9789	124.25	0.0
20160528-h17m49s33	30.2419	151.9789	124.25	0.0
20160528-h17m49s48	30.2419	151.9789	124.25	0.0
20160528-h17m50s39	30.3133	151.9789	124.25	0.0
20160528-h17m51s00	30.3133	151.9789	124.25	0.0
20160528-h17m51s14	30.3133	151.9789	124.25	-0.0
20160528-h17m52s05	30.3848	151.9789	124.25	0.0
20160528-h17m52s26	30.3848	151.9789	124.25	0.0
20160528-h17m52s40	30.3848	151.9789	124.25	0.0
20160528-h17m53s31	30.4562	151.9789	124.25	-0.0
20160528-h17m53s52	30.4562	151.9789	124.25	-0.0
20160528-h17m54s06	30.4562	151.9789	124.25	0.0
20160528-h17m54s58	30.4562	152.0003	124.25	-0.0
20160528-h17m55s18	30.4562	152.0003	124.25	-0.0
20160528-h17m55s33	30.4562	152.0003	124.25	0.0
20160528-h17m56s24	30.3848	152.0003	124.25	0.0
20160528-h17m56s44	30.3848	152.0003	124.25	-0.0
20160528-h17m56s59	30.3848	152.0003	124.25	0.0
20160528-h17m57s50	30.3133	152.0003	124.25	-0.0
20160528-h17m58s11	30.3133	152.0003	124.25	0.0
20160528-h17m58s25	30.3133	152.0003	124.25	0.0
20160528-h17m59s16	30.2419	152.0003	124.25	0.0
20160528-h17m59s37	30.2419	152.0003	124.25	0.0
20160528-h17m59s52	30.2419	152.0003	124.25	0.0
20160528-h18m00s43	30.1705	152.0003	124.25	0.0
20160528-h18m01s03	30.1705	152.0003	124.25	0.0
20160528-h18m01s18	30.1705	152.0003	124.25	0.0
20160528-h18m02s09	30.0991	152.0003	124.25	0.0
20160528-h18m02s29	30.0991	152.0003	124.25	0.0
20160528-h18m02s44	30.0991	152.0003	124.25	-0.0
20160528-h18m03s35	30.0276	152.0003	124.25	-0.0
20160528-h18m03s56	30.0276	152.0003	124.25	0.0
20160528-h18m04s10	30.0276	152.0003	124.25	0.0
20160528-h18m05s01	29.9562	152.0003	124.25	-0.0
20160528-h18m05s22	29.9562	152.0003	124.25	-0.0
20160528-h18m05s36	29.9562	152.0003	124.25	0.0
20160528-h18m06s27	29.9562	152.0218	124.25	0.0
20160528-h18m06s48	29.9562	152.0218	124.25	0.0
20160528-h18m07s03	29.9562	152.0218	124.25	0.0
20160528-h18m07s54	30.0276	152.0218	124.25	0.0
20160528-h18m08s14	30.0276	152.0218	124.25	-0.0
20160528-h18m08s29	30.0276	152.0218	124.25	0.0
20160528-h18m09s20	30.0991	152.0218	124.25	0.0
20160528-h18m09s41	30.0991	152.0218	124.25	0.0
20160528-h18m09s55	30.0991	152.0218	124.25	0.0
20160528-h18m10s46	30.1705	152.0218	124.25	0.0
20160528-h18m11s07	30.1705	152.0218	124.25	-0.0
20160528-h18m11s21	30.1705	152.0218	124.25	0.0
20160528-h18m12s12	30.2419	152.0218	124.25	0.0
20160528-h18m12s33	30.2419	152.0218	124.25	0.0
20160528-h18m12s48	30.2419	152.0218	124.25	0.0
20160528-h18m13s39	30.3133	152.0218	124.25	-0.0
20160528-h18m13s59	30.3133	152.0218	124.25	-0.0
20160528-h18m14s14	30.3133	152.0218	124.25	-0.0
20160528-h18m15s05	30.3848	152.0218	124.25	0.0
20160528-h18m15s26	30.3848	152.0218	124.25	0.0
20160528-h18m15s40	30.3848	152.0218	124.25	0.0
20160528-h18m16s31	30.4562	152.0218	124.25	-0.0
20160528-h18m16s52	30.4562	152.0218	124.25	0.0
20160528-h18m17s06	30.4562	152.0218	124.25	0.0
20160528-h18m17s57	30.4562	152.0432	124.25	-0.0
20160528-h18m18s18	30.4562	152.0432	124.25	0.0
20160528-h18m18s32	30.4562	152.0432	124.25	0.0
20160528-h18m19s23	30.3848	152.0432	124.25	0.0
20160528-h18m19s44	30.3848	152.0432	124.25	0.0
20160528-h18m19s59	30.3848	152.0432	124.25	0.0
20160528-h18m20s50	30.3133	152.0432	124.25	0.0
20160528-h18m21s10	30.3133	152.0432	124.25	0.0
20160528-h18m21s25	30.3133	152.0432	124.25	0.0
20160528-h18m22s16	30.2419	152.0432	124.25	0.0
20160528-h18m22s37	30.2419	152.0432	124.25	-0.0
20160528-h18m22s51	30.2419	152.0432	124.25	-0.0
20160528-h18m23s43	30.1705	152.0432	124.25	-0.0
20160528-h18m24s03	30.1705	152.0432	124.25	0.0
20160528-h18m24s18	30.1705	152.0432	124.25	0.0
20160528-h18m25s09	30.0991	152.0432	124.25	0.0
20160528-h18m25s30	30.0991	152.0432	124.25	0.0
20160528-h18m25s45	30.0991	152.0432	124.25	0.0
20160528-h18m26s35	30.0276	152.0432	124.25	0.0
20160528-h18m26s56	30.0276	152.0432	124.25	0.0
20160528-h18m27s11	30.0276	152.0432	124.25	0.0
20160528-h18m28s02	29.9562	152.0432	124.25	0.0
20160528-h18m28s22	29.9562	152.0432	124.25	0.0
20160528-h18m28s37	29.9562	152.0432	124.25	0.0
20160528-h18m29s28	29.9562	152.0646	124.25	0.0
20160528-h18m29s49	29.9562	152.0646	124.25	0.0
20160528-h18m30s03	29.9562	152.0646	124.25	0.0
20160528-h18m30s54	30.0276	152.0646	124.25	0.0
20160528-h18m31s15	30.0276	152.0646	124.25	-0.0
20160528-h18m31s29	30.0276	152.0646	124.25	0.0
20160528-h18m32s20	30.0991	152.0646	124.25	-0.0
20160528-h18m32s41	30.0991	152.0646	124.25	0.0
20160528-h18m32s56	30.0991	152.0646	124.25	0.0
20160528-h18m33s47	30.1705	152.0646	124.25	0.0
20160528-h18m34s07	30.1705	152.0646	124.25	-0.0
20160528-h18m34s22	30.1705	152.0646	124.25	-0.0
20160528-h18m35s13	30.2419	152.0646	124.25	0.0
20160528-h18m35s34	30.2419	152.0646	124.25	0.0
20160528-h18m35s48	30.2419	152.0646	124.25	0.0
20160528-h18m36s39	30.3133	152.0646	124.25	-0.0
20160528-h18m37s00	30.3133	152.0646	124.25	0.0
20160528-h18m37s14	30.3133	152.0646	124.25	0.0
20160528-h18m38s05	30.3848	152.0646	124.25	0.0
20160528-h18m38s26	30.3848	152.0646	124.25	0.0
20160528-h18m38s41	30.3848	152.0646	124.25	0.0
20160528-h18m39s31	30.4562	152.0646	124.25	0.0
20160528-h18m39s52	30.4562	152.0646	124.25	0.0
20160528-h18m40s07	30.4562	152.0646	124.25	0.0
20160528-h18m40s58	30.4562	152.086	124.25	0.0
20160528-h18m41s18	30.4562	152.086	124.25	0.0
20160528-h18m41s33	30.4562	152.086	124.25	0.0
20160528-h18m42s24	30.3848	152.086	124.25	0.0
20160528-h18m42s44	30.3848	152.086	124.25	-0.0
20160528-h18m42s59	30.3848	152.086	124.25	0.0
20160528-h18m43s50	30.3133	152.086	124.25	-0.0
20160528-h18m44s11	30.3133	152.086	124.25	0.0
20160528-h18m44s25	30.3133	152.086	124.25	0.0
20160528-h18m45s16	30.2419	152.086	124.25	0.0
20160528-h18m45s37	30.2419	152.086	124.25	-0.0
20160528-h18m45s52	30.2419	152.086	124.25	0.0
20160528-h18m46s43	30.1705	152.086	124.25	0.0
20160528-h18m47s03	30.1705	152.086	124.25	0.0
20160528-h18m47s18	30.1705	152.086	124.25	0.0
20160528-h18m48s09	30.0991	152.086	124.25	0.0
20160528-h18m48s30	30.0991	152.086	124.25	0.0
20160528-h18m48s44	30.0991	152.086	124.25	0.0
20160528-h18m49s35	30.0276	152.086	124.25	0.0
20160528-h18m49s56	30.0276	152.086	124.25	0.0
20160528-h18m50s11	30.0276	152.086	124.25	-0.0
20160528-h18m51s02	29.9562	152.086	124.25	0.0
20160528-h18m51s23	29.9562	152.086	124.25	0.0
20160528-h18m51s37	29.9562	152.086	124.25	-0.0
20160528-h18m52s28	29.9562	152.1075	124.25	0.0
20160528-h18m52s49	29.9562	152.1075	124.25	0.0
20160528-h18m53s04	29.9562	152.1075	124.25	-0.0
20160528-h18m53s55	30.0276	152.1075	124.25	0.0
20160528-h18m54s15	30.0276	152.1075	124.25	-0.0
20160528-h18m54s30	30.0276	152.1075	124.25	0.0
20160528-h18m55s21	30.0991	152.1075	124.25	-0.0
20160528-h18m55s42	30.0991	152.1075	124.25	0.0
20160528-h18m55s56	30.0991	152.1075	124.25	0.0
20160528-h18m56s47	30.1705	152.1075	124.25	0.0
20160528-h18m57s08	30.1705	152.1075	124.25	0.0
20160528-h18m57s23	30.1705	152.1075	124.25	0.0
20160528-h18m58s14	30.2419	152.1075	124.25	-0.0
20160528-h18m58s35	30.2419	152.1075	124.25	0.0
20160528-h18m58s49	30.2419	152.1075	124.25	-0.0
20160528-h18m59s40	30.3133	152.1075	124.25	-0.0
20160528-h19m00s01	30.3133	152.1075	124.25	0.0
20160528-h19m00s16	30.3133	152.1075	124.25	-0.0
20160528-h19m01s06	30.3848	152.1075	124.25	-0.0
20160528-h19m01s27	30.3848	152.1075	124.25	-0.0
20160528-h19m01s42	30.3848	152.1075	124.25	0.0
20160528-h19m02s33	30.4562	152.1075	124.25	0.0
20160528-h19m02s53	30.4562	152.1075	124.25	0.0
20160528-h19m03s08	30.4562	152.1075	124.25	0.0
20160528-h19m03s59	30.4562	152.1289	124.25	0.0
20160528-h19m04s20	30.4562	152.1289	124.25	-0.0
20160528-h19m04s35	30.4562	152.1289	124.25	0.0
20160528-h19m05s26	30.3848	152.1289	124.25	-0.0
20160528-h19m05s46	30.3848	152.1289	124.25	0.0
20160528-h19m06s01	30.3848	152.1289	124.25	0.0
20160528-h19m06s52	30.3133	152.1289	124.25	0.0
20160528-h19m07s13	30.3133	152.1289	124.25	0.0
20160528-h19m07s28	30.3133	152.1289	124.25	0.0
20160528-h19m08s19	30.2419	152.1289	124.25	-0.0
20160528-h19m08s39	30.2419	152.1289	124.25	-0.0
20160528-h19m08s54	30.2419	152.1289	124.25	-0.0
20160528-h19m09s45	30.1705	152.1289	124.25	0.0
20160528-h19m10s06	30.1705	152.1289	124.25	0.0
20160528-h19m10s21	30.1705	152.1289	124.25	-0.0
20160528-h19m11s12	30.0991	152.1289	124.25	0.0
20160528-h19m11s32	30.0991	152.1289	124.25	0.0
20160528-h19m11s47	30.0991	152.1289	124.25	0.0
20160528-h19m12s38	30.0276	152.1289	124.25	0.0
20160528-h19m12s59	30.0276	152.1289	124.25	0.0
20160528-h19m13s13	30.0276	152.1289	124.25	0.0
20160528-h19m14s04	29.9562	152.1289	124.25	-0.0
20160528-h19m14s25	29.9562	152.1289	124.25	-0.0
20160528-h19m14s40	29.9562	152.1289	124.25	0.0
20160528-h23m41s03	30.2062	152.0539	124.25	0.0
20160530-h09m16s59	30.2062	152.0539	124.25	0.0
20160530-h09m18s42	30.2062	152.0539	124.25	0.0
20160530-h09m20s04	30.2062	152.0539	124.25	0.0
20160530-h09m21s27	30.2062	152.0539	124.25	-0.0
20160530-h09m21s57	29.9562	151.9789	124.25	0.0
20160530-h09m22s17	29.9562	151.9789	124.25	-0.0
20160530-h09m22s28	29.9562	151.9789	124.25	0.0
20160530-h09m22s39	30.2062	152.0539	124.25	0.0
20160530-h09m23s43	30.2062	152.0539	124.25	0.0
20160530-h09m24s31	30.2062	152.0539	124.25	0.0
20160530-h09m36s34	30.2062	152.0539	124.25	-0.0
20160530-h09m40s52	30.2062	152.0539	124.25	0.0
20160530-h09m43s23	30.2062	152.0539	124.25	-0.0
20160530-h09m45s41	30.2062	152.0539	124.25	0.0
20160530-h09m47s46	30.2062	152.0539	124.25	0.0
20160530-h09m49s43	30.2062	152.0539	124.25	-0.0
20160530-h09m51s16	30.2062	152.0539	124.25	-0.0
20160530-h09m53s06	30.2062	152.0539	124.25	0.0
20160530-h09m54s56	30.2062	152.0539	124.25	0.0
20160530-h09m56s44	30.2062	152.0539	124.25	0.0
20160530-h09m58s32	30.2062	152.0539	124.25	0.0
20160530-h10m00s19	30.2062	152.0539	124.25	0.0
20160530-h10m02s07	30.2062	152.0539	124.25	0.0
20160530-h10m03s54	30.2062	152.0539	124.25	0.0
20160530-h10m50s15	29.7562	152.7539	123.552	0.0
20160530-h10m50s51	29.7562	152.7539	123.552	-0.0
20160530-h10m51s55	29.7562	152.7539	123.552	0.0
20160530-h10m52s39	29.7562	152.7539	123.552	0.0
20160530-h10m53s18	29.7562	152.7539	123.552	-0.0
20160530-h10m55s15	29.7562	152.5539	123.552	-0.0
20160530-h10m56s16	29.7562	152.5539	123.552	0.0
20160530-h10m59s19	29.7562	152.5539	123.552	0.0
20160530-h12m40s32	30.3062	155.2803	123.0529	0.0
20160530-h12m41s15	30.3062	155.2803	123.0529	0.0
20160530-h12m41s58	30.3062	155.2803	123.0529	0.0
20160530-h12m42s40	30.3062	155.2803	123.0529	0.0
20160530-h12m43s22	30.3062	155.2803	123.0529	0.0
20160530-h12m44s05	30.3062	155.2803	123.0529	0.0
20160530-h12m44s47	30.3062	155.2803	123.0529	0.0
20160530-h12m45s30	30.3062	155.2803	123.0529	0.0
20160530-h12m46s12	30.3062	155.2803	123.0529	0.0
20160530-h12m46s55	30.3062	155.2803	123.0529	0.0
20160530-h12m48s30	30.3062	155.2803	123.0529	0.0
20160530-h12m49s49	30.3062	155.2803	123.0529	-0.0
20160530-h12m50s32	30.3062	155.2803	123.0529	0.0
20160530-h12m51s14	30.3062	155.2803	123.0529	-0.0
20160530-h12m51s34	30.3062	155.2803	123.0529	-0.0
20160530-h13m18s18	30.3062	153.28	123.0528	-0.0
20160530-h13m18s59	30.3062	153.28	123.0528	0.0
20160530-h13m19s41	30.3062	153.28	123.0528	0.0
20160530-h13m20s23	30.3062	153.28	123.0528	-0.0
20160530-h13m21s05	30.3062	153.28	123.0528	0.0
20160530-h13m21s47	30.3062	153.28	123.0528	0.0
20160530-h13m22s52	30.3062	153.28	123.0528	-0.0
20160530-h14m18s57	30.3062	154.98	123.0528	0.0
20160530-h14m20s55	30.3062	154.98	123.0528	0.0
20160530-h14m21s36	30.3062	154.98	123.0528	0.0
20160530-h14m22s18	30.3062	154.98	123.0528	0.0
20160530-h14m22s59	30.3062	154.98	123.0528	-0.0
20160530-h14m23s41	30.3062	154.98	123.0528	0.0
20160530-h14m24s22	30.3062	154.98	123.0528	-0.0
20160530-h14m25s04	30.3062	154.98	123.0528	0.0
20160530-h14m25s46	30.3062	154.98	123.0528	0.0
20160530-h14m26s27	30.3062	154.98	123.0528	0.0
20160530-h14m27s09	30.3062	154.98	123.0528	0.0
20160530-h14m27s50	30.3062	154.98	123.0528	0.0
20160530-h14m28s32	30.3062	154.98	123.0528	-0.0
20160530-h14m29s13	30.3062	154.98	123.0528	0.0
20160530-h14m29s55	30.3062	154.98	123.0528	0.0
20160530-h14m30s37	30.3062	154.98	123.0528	0.0
20160531-h08m12s58	30.2062	154.98	123.0528	0.0
20160531-h08m13s50	30.2062	154.98	123.0528	-0.0
20160531-h08m14s43	30.2062	154.98	123.0528	-0.0
20160531-h08m15s35	30.2062	154.98	123.0528	0.0
20160531-h08m16s27	30.2062	154.98	123.0528	0.0
20160531-h13m55s29	27.0699	149.6002	123.05	90.0
20160531-h13m56s22	27.0699	149.6002	123.05	90.0
20160531-h13m57s15	27.0699	149.6002	123.05	90.0
20160531-h13m58s07	27.0699	149.6002	123.05	90.0
20160531-h13m59s00	27.0699	149.6002	123.05	90.0
20160531-h13m59s53	27.0699	149.6002	123.05	90.0
20160531-h14m00s45	27.0699	149.6002	123.05	90.0
20160531-h14m01s38	27.0699	149.6002	123.05	90.0
20160531-h14m02s31	27.0699	149.6002	123.05	90.0
20160531-h14m03s56	27.0699	149.6002	123.05	90.0
20160531-h14m05s32	27.0699	149.6002	123.05	90.0
20160531-h14m06s36	27.0699	149.6002	123.05	90.0
20160531-h14m08s04	27.0699	149.6002	123.05	90.0
20160531-h14m09s49	27.0699	149.6002	123.05	90.0
20160531-h14m10s34	27.0699	149.6002	123.05	90.0
20160531-h14m13s24	27.0699	149.6002	123.05	90.0
20160531-h14m14s20	27.0699	149.6002	123.05	90.0
20160531-h14m15s34	27.0699	149.6002	123.05	90.0
20160531-h14m16s09	27.0699	149.6002	123.05	90.0
20160531-h14m22s06	27.0699	149.6002	123.05	90.0
20160531-h14m23s12	27.0699	149.6002	123.05	90.0
20160531-h14m27s34	27.0699	149.6002	123.05	90.0
20160531-h14m29s22	27.0699	149.6002	123.05	90.0
20160531-h14m31s18	27.0699	149.6002	123.05	90.0
20160531-h14m35s39	27.0699	149.6002	123.05	90.0
20160531-h14m37s21	27.0699	149.6002	123.05	90.0
20160531-h14m38s06	27.0699	149.6002	123.05	90.0
20160531-h14m39s35	27.0699	149.6002	123.05	90.0
20160531-h14m40s26	27.0699	149.6002	123.05	90.0
20160531-h14m44s31	27.0699	149.6002	123.05	90.0
20160531-h14m45s47	27.0699	149.6002	123.05	90.0
20160531-h15m31s21	27.0699	149.6002	123.05	90.0
