20180725-h21m24s08	57.582794	144.088257	32.31929	44.997818
20180725-h21m24s10	57.623016	144.153732	32.319275	44.997849
20180725-h21m34s08	57.582733	144.088242	32.31929	44.997818
20180725-h21m34s10	57.622971	144.153732	32.31926	44.997833
20180725-h21m34s42	57.582611	144.088287	32.31929	44.997818
20180725-h21m34s44	57.622894	144.153763	32.319275	44.997818
20180725-h21m36s24	57.582565	144.088303	32.319275	44.997772
20180725-h21m36s26	57.622833	144.153778	32.319275	44.997772
20180725-h21m38s43	57.582535	144.088303	32.31929	44.997818
20180725-h21m39s09	57.62294	144.153732	32.31926	44.997833
20180725-h21m47s12	57.582535	144.088318	32.31926	44.997818
20180725-h21m47s49	57.622787	144.153763	32.31926	44.997787
20180725-h21m51s59	57.474442	143.694321	32.319275	44.997772
20180725-h21m52s39	57.529755	144.153702	32.319275	44.997772
20180725-h21m54s51	57.526611	143.259613	32.319275	44.997772
20180725-h21m55s12	57.399277	144.063461	32.319275	44.997742
20180726-h10m43s44	61.192444	142.675171	32.319275	44.997665
20180726-h10m44s33	61.090637	141.769089	32.319275	44.997726
20180726-h10m44s55	60.995758	141.771759	32.31926	44.99762
20180726-h10m45s16	61.152786	141.928894	32.319275	44.997665
20180726-h10m45s37	61.31041	142.08606	32.319275	44.997665
20180726-h10m45s58	61.466812	142.24321	32.31926	44.997681
20180726-h10m46s20	61.623703	142.40036	32.319275	44.997681
20180726-h10m46s41	61.781143	142.55748	32.319275	44.997696
20180726-h10m47s02	61.938309	142.71463	32.319275	44.997711
20180726-h10m47s23	62.09523	142.87175	32.31926	44.997681
20180726-h10m47s44	62.252335	143.028885	32.31926	44.997665
20180726-h10m48s05	62.174545	143.107376	32.319244	44.997665
20180726-h10m48s26	62.018158	142.950165	32.31926	44.99765
20180726-h10m49s05	61.860321	142.792908	32.319275	44.997635
20180726-h10m49s22	61.629211	142.67511	32.319275	44.99762
20180726-h10m55s38	61.017303	141.779663	32.319153	44.997498
20180726-h10m55s59	60.307892	141.796265	32.319275	44.997482
20180726-h10m56s37	61.01709	141.779785	32.319153	44.997406
20180726-h10m56s58	60.427399	141.772232	32.319275	44.997421
20180726-h10m57s19	61.373459	142.718521	32.319275	44.997375
20180726-h10m57s41	62.312149	143.658096	32.319275	44.997391
20180726-h10m58s02	62.737717	143.971359	32.31929	44.99736
20180726-h10m58s23	62.427887	143.101685	32.31926	44.99733
20180726-h10m58s45	61.486298	142.156281	32.319275	44.997375
20180726-h10m59s06	60.549591	141.220978	32.31929	44.99736
20180726-h10m59s27	59.677429	141.378632	32.319275	44.997314
20180726-h10m59s48	59.953262	142.244354	32.31926	44.99733
20180726-h11m00s09	60.902939	143.189499	32.319275	44.997314
20180726-h11m00s31	61.841141	144.132339	32.319275	44.997238
20180726-h11m00s52	62.267792	144.442642	32.319275	44.997314
20180726-h11m01s13	61.959335	143.573471	32.31929	44.997238
20180726-h11m01s34	61.013733	142.62941	32.319275	44.997314
20180726-h11m01s55	60.066772	141.686356	32.319275	44.99733
20180726-h11m02s33	59.720062	141.83374	32.31929	44.997269
20180726-h11m15s29	61.137192	142.429596	32.319305	44.997314
20180726-h11m15s51	60.548904	142.427231	32.319275	44.997284
20180726-h11m16s12	61.490753	143.374802	32.31926	44.997269
20180726-h11m16s33	62.435959	144.314117	32.31926	44.997314
20180726-h11m16s54	62.858002	144.624191	32.31929	44.997284
20180726-h11m17s16	62.547653	143.75296	32.31929	44.997299
20180726-h11m17s37	61.607178	142.811554	32.319275	44.997299
20180726-h11m17s58	60.710495	141.900742	32.319275	44.997314
20180726-h11m18s19	59.796234	142.031586	32.319275	44.99733
20180726-h11m18s41	60.075485	142.89949	32.319275	44.997345
20180726-h11m19s02	61.020279	143.839584	32.319275	44.997314
20180726-h11m19s23	61.960876	144.784225	32.31929	44.997314
20180726-h11m19s44	62.386581	145.095581	32.319275	44.997238
20180726-h11m20s06	62.0784	144.224854	32.31929	44.997269
20180726-h11m20s27	61.132172	143.281586	32.319275	44.997269
20180726-h11m20s48	60.190323	142.33815	32.319275	44.997238
20180726-h11m21s10	59.837677	142.799789	32.319275	44.997269
20180726-h11m23s21	59.015121	144.551636	32.31929	44.997238
20180726-h11m23s42	58.428711	144.548264	32.319275	44.997162
20180726-h11m24s03	59.371338	145.490387	32.31926	44.997238
20180726-h11m24s25	60.310959	146.432251	32.31926	44.997223
20180726-h11m24s46	60.737411	146.745544	32.31926	44.997177
20180726-h11m25s07	60.427322	145.873917	32.319275	44.997131
20180726-h11m25s28	59.485916	144.926178	32.319275	44.997162
20180726-h11m25s50	58.538849	143.988007	32.319275	44.997147
20180726-h11m26s11	57.678009	144.152725	32.31926	44.997147
20180726-h11m26s32	57.967773	145.021454	32.31926	44.997116
20180726-h11m26s54	58.910767	145.960709	32.319244	44.997116
20180726-h11m27s15	59.837479	146.903839	32.31926	44.997086
20180726-h11m27s36	60.266266	147.216766	32.31926	44.997086
20180726-h11m27s57	59.955093	146.344238	32.319275	44.997086
20180726-h11m28s19	59.01268	145.402649	32.31926	44.997101
20180726-h11m28s40	58.133804	144.58699	32.319275	44.997101
20180726-h11m29s01	57.708206	144.400284	32.319275	44.997086
20180726-h11m38s52	57.835709	143.643845	32.31926	44.997055
20180726-h11m39s28	57.803009	143.622299	32.31926	44.997055
20180726-h11m40s05	58.088104	143.905319	32.31926	44.99704
20180726-h11m40s41	58.371002	144.188095	32.31926	44.99704
20180726-h11m41s17	58.654694	144.47084	32.319244	44.99704
20180726-h11m41s53	58.937607	144.753723	32.31926	44.99704
20180726-h11m42s30	58.830612	144.895096	32.319275	44.996994
20180726-h11m43s06	58.58168	144.612045	32.31926	44.99704
20180726-h11m43s42	58.3004	144.329102	32.319275	44.99707
20180726-h11m44s18	58.018997	144.04631	32.319275	44.997055
20180726-h11m44s55	57.736389	143.763351	32.319275	44.99704
20180726-h11m45s31	57.45311	143.48053	32.319244	44.99704
20180726-h11m46s07	57.274811	143.622314	32.319214	44.996979
20180726-h11m46s44	57.521881	143.905304	32.319199	44.996979
20180726-h11m47s20	57.803955	144.188034	32.319214	44.996979
20180726-h11m47s56	58.086548	144.47081	32.319214	44.996964
20180726-h11m48s33	58.37114	144.753723	32.319214	44.996964
20180726-h11m49s09	58.655457	145.036484	32.319214	44.996964
20180726-h11m49s45	58.547943	145.177811	32.319214	44.996948
20180726-h11m50s21	58.30043	144.894867	32.319214	44.996857
20180726-h11m50s58	58.018646	144.611786	32.319214	44.996918
20180726-h11m51s34	57.736679	144.328964	32.319229	44.996872
20180726-h11m52s10	57.453415	144.046143	32.319229	44.996887
20180726-h11m52s47	57.169434	143.763199	32.319214	44.996841
20180726-h11m53s24	56.992554	143.904999	32.319214	44.996841
20180726-h11m54s00	57.240906	144.187927	32.319214	44.996796
20180726-h11m54s36	57.522614	144.470673	32.319199	44.996811
20180726-h11m55s12	57.80481	144.75354	32.319214	44.996841
20180726-h11m55s49	58.084396	145.036331	32.319214	44.996826
20180726-h11m56s25	58.373184	145.319138	32.319214	44.996796
20180726-h11m57s02	58.265732	145.460526	32.319214	44.996826
20180726-h11m57s38	58.01857	145.177643	32.319214	44.996811
20180726-h11m58s14	57.737183	144.894653	32.319214	44.996796
20180726-h11m58s51	57.453537	144.611755	32.319214	44.996796
20180726-h11m59s27	57.169464	144.328949	32.319214	44.996826
20180726-h12m00s03	56.883362	144.046143	32.319214	44.996796
20180726-h12m00s40	57.148819	144.311005	32.319199	44.996811
20180726-h12m09s41	57.859894	144.350082	32.319214	44.996811
20180726-h12m10s22	57.859833	144.350082	32.319214	44.99678
20180726-h12m57s45	57.859909	144.350067	32.319214	44.99678
20180726-h12m58s19	57.859909	144.350037	32.319199	44.996719
20180726-h13m00s14	57.859955	144.350052	32.319214	44.996719
20180726-h13m00s48	57.859924	144.350067	32.319214	44.99675
20180726-h13m01s53	57.859879	144.350067	32.319214	44.996735
20180726-h13m02s34	57.859879	144.350052	32.319214	44.996735
20180726-h13m03s15	57.859894	144.350052	32.319214	44.996719
20180726-h13m03s32	57.859955	144.350052	32.319214	44.996719
20180726-h13m07s46	57.705154	143.890335	32.319214	44.996674
20180726-h13m08s26	57.786362	144.067307	32.319214	44.996658
20180726-h13m09s05	57.96431	144.244217	32.319199	44.996689
20180726-h13m09s45	58.140182	144.420898	32.319214	44.996658
20180726-h13m10s26	58.319412	144.597733	32.319199	44.996628
20180726-h13m11s05	58.26619	144.650665	32.319214	44.996704
20180726-h13m11s46	58.090332	144.473679	32.319214	44.996704
20180726-h13m12s27	57.914795	144.297012	32.319229	44.996689
20180726-h13m13s07	57.738022	144.120178	32.319214	44.996674
20180726-h13m13s46	57.560989	143.943481	32.319229	44.996719
20180726-h13m14s26	57.505753	143.996597	32.319214	44.996674
20180726-h13m15s06	57.681229	144.173508	32.319199	44.996689
20180726-h13m15s45	57.858582	144.350189	32.319214	44.996674
20180726-h13m16s24	58.035233	144.527054	32.319199	44.996689
20180726-h13m17s04	58.211761	144.703766	32.319214	44.996704
20180726-h13m17s44	58.160538	144.756744	32.319214	44.996704
20180726-h13m18s24	57.984253	144.579895	32.319229	44.996689
20180726-h13m19s03	57.808823	144.403015	32.319229	44.996704
20180726-h13m19s44	57.630844	144.226334	32.319229	44.996674
20180726-h13m20s24	57.454865	144.049484	32.319229	44.996704
20180726-h13m21s05	57.399963	144.102737	32.319214	44.99675
20180726-h13m21s45	57.574402	144.279602	32.319214	44.996719
20180726-h13m22s27	57.751678	144.456421	32.319199	44.996735
20180726-h13m23s08	57.92897	144.633194	32.319199	44.996735
20180726-h13m23s49	58.105743	144.809982	32.319199	44.996765
20180726-h13m24s30	57.983994	144.349564	32.319214	44.996765
20180726-h13m27s33	57.390121	143.857605	32.319229	44.996719
20180726-h13m28s15	57.46077	143.928375	32.319199	44.996719
20180726-h13m28s57	57.531204	143.9991	32.319199	44.996765
20180726-h13m29s40	57.602234	144.069809	32.319199	44.996735
20180726-h13m30s23	57.67247	144.140549	32.319199	44.996719
20180726-h13m31s06	57.655151	144.158127	32.319199	44.996674
20180726-h13m31s48	57.584488	144.087341	32.319214	44.996613
20180726-h13m32s29	57.513809	144.016541	32.319229	44.996613
20180726-h13m33s10	57.443314	143.945801	32.319229	44.996597
20180726-h13m33s53	57.372162	143.875061	32.319229	44.996597
20180726-h13m34s36	57.354706	143.892853	32.319214	44.996552
20180726-h13m35s18	57.425659	143.963608	32.319214	44.996567
20180726-h13m36s01	57.496658	144.034256	32.319199	44.996567
20180726-h13m36s43	57.567368	144.10498	32.319199	44.996552
20180726-h13m37s27	57.637924	144.17569	32.319214	44.996536
20180726-h13m38s11	57.620132	144.193359	32.319214	44.996567
20180726-h13m38s52	57.549179	144.122589	32.319229	44.996597
20180726-h13m39s34	57.478867	144.051849	32.319229	44.996567
20180726-h13m40s16	57.407791	143.98111	32.319229	44.996552
20180726-h13m40s58	57.337006	143.910385	32.319229	44.99649
20180726-h13m41s39	57.319763	143.928146	32.319199	44.996429
20180726-h13m42s22	57.390381	143.99881	32.319214	44.99646
20180726-h13m43s04	57.4617	144.069565	32.319199	44.99649
20180726-h13m43s46	57.531891	144.140228	32.319199	44.99646
20180726-h13m44s29	57.602844	144.210953	32.319214	44.996475
20180726-h13m45s06	57.497543	144.033966	32.319214	44.99646
20180726-h14m22s34	57.364502	143.68013	32.319214	44.99646
20180726-h14m23s15	57.425552	143.822021	32.319214	44.996429
20180726-h14m23s55	57.565979	143.963516	32.319214	44.996384
20180726-h14m24s36	57.708267	144.104813	32.319214	44.996384
20180726-h14m25s16	57.850143	144.246262	32.319214	44.996368
20180726-h14m25s56	57.81517	144.281494	32.319214	44.996399
20180726-h14m26s36	57.673813	144.140091	32.319214	44.996338
20180726-h14m27s15	57.532349	143.998505	32.319199	44.996323
20180726-h14m27s52	57.390961	143.857162	32.319199	44.996338
20180726-h14m28s32	57.491226	144.033966	32.319199	44.996353
20180726-h14m29s35	57.709061	144.12207	32.319199	44.996384
20180726-h14m30s00	57.832672	144.387665	32.319199	44.996368
20180726-h14m35s22	57.708649	144.122116	32.319214	44.996384
20180726-h14m36s01	57.797287	144.228485	32.319199	44.996384
20180726-h14m36s42	57.902969	144.33461	32.319199	44.996384
20180726-h14m37s22	58.009613	144.440598	32.319199	44.996399
20180726-h14m38s02	58.115875	144.546677	32.319168	44.996384
20180726-h14m38s42	58.089111	144.573151	32.319153	44.996414
20180726-h14m39s23	57.983032	144.466934	32.319183	44.996323
20180726-h14m40s03	57.877625	144.360855	32.319153	44.996368
20180726-h14m40s42	57.770737	144.254852	32.319153	44.996353
20180726-h14m41s22	57.665085	144.148712	32.319153	44.996292
20180726-h14m42s03	57.638733	144.175293	32.319153	44.996231
20180726-h14m42s43	57.744171	144.281342	32.319153	44.996185
20180726-h14m43s23	57.851013	144.387421	32.319153	44.996185
20180726-h14m44s04	57.957489	144.493469	32.319153	44.996201
20180726-h14m44s44	58.062698	144.599503	32.319153	44.996201
20180726-h14m45s25	58.036789	144.626007	32.319153	44.996201
20180726-h14m46s04	57.930191	144.519821	32.319138	44.996201
20180726-h14m46s45	57.824463	144.413834	32.319138	44.996231
20180726-h14m47s25	57.718933	144.307663	32.319153	44.996185
20180726-h14m48s06	57.611954	144.201614	32.319168	44.996185
20180726-h14m48s48	57.58577	144.228287	32.319153	44.996201
20180726-h14m49s27	57.691528	144.334412	32.319138	44.99617
20180726-h14m50s08	57.798492	144.440369	32.319153	44.99614
20180726-h14m50s47	57.90361	144.546448	32.319153	44.996155
20180726-h14m51s28	58.010452	144.652466	32.319153	44.99614
20180726-h14m52s09	57.867645	144.3871	32.319153	44.996094
20180726-h14m54s28	57.604446	144.068909	32.319214	44.996063
20180726-h14m55s07	57.674194	144.139816	32.319199	44.996048
20180726-h14m55s47	57.745178	144.210526	32.319183	44.996033
20180726-h14m56s26	57.815979	144.281235	32.319183	44.996002
20180726-h14m57s06	57.886749	144.351898	32.319183	44.995987
20180726-h14m57s46	57.868927	144.369492	32.319199	44.995972
20180726-h14m58s27	57.798492	144.298721	32.319214	44.996002
20180726-h14m59s07	57.72757	144.228058	32.319214	44.995956
20180726-h14m59s46	57.656616	144.157303	32.319214	44.996002
20180726-h15m00s25	57.586182	144.086624	32.319199	44.995987
20180726-h15m01s07	57.568481	144.104355	32.319214	44.995926
20180726-h15m01s47	57.639252	144.175064	32.319199	44.995941
20180726-h15m02s26	57.710022	144.245758	32.319183	44.995926
20180726-h15m03s06	57.780823	144.316452	32.319183	44.995911
20180726-h15m03s46	57.851501	144.387146	32.319199	44.995895
20180726-h15m04s26	57.833939	144.404785	32.319199	44.99588
20180726-h15m05s06	57.763351	144.333954	32.319214	44.995819
20180726-h15m05s47	57.692474	144.263184	32.319229	44.995789
20180726-h15m06s27	57.622009	144.19249	32.319214	44.995819
20180726-h15m07s06	57.551056	144.12178	32.319214	44.995804
20180726-h15m07s46	57.533279	144.139572	32.319199	44.995773
20180726-h15m08s26	57.604507	144.210266	32.319199	44.995758
20180726-h15m09s07	57.67514	144.28093	32.319199	44.995728
20180726-h15m09s47	57.74588	144.351624	32.319199	44.995697
20180726-h15m10s28	57.81665	144.422379	32.319153	44.995712
20180726-h15m11s10	57.711136	144.245514	32.319168	44.995728
20180726-h15m14s26	57.616608	144.126999	32.319214	44.995697
20180726-h15m15s03	57.657776	144.192459	32.319199	44.995697
20180726-h15m15s29	57.61705	144.126938	32.319214	44.995682
20180726-h15m16s53	57.643692	144.153458	32.319183	44.995621
20180726-h15m18s12	57.67041	144.179993	32.319183	44.995621
20180726-h15m19s33	57.696884	144.206558	32.319183	44.995636
20180726-h15m20s53	57.723419	144.233002	32.319199	44.995605
20180726-h15m22s14	57.717072	144.239197	32.319199	44.995575
20180726-h15m23s34	57.690384	144.212585	32.319214	44.995605
20180726-h15m24s57	57.663986	144.18605	32.319214	44.995575
20180726-h15m26s19	57.637619	144.159546	32.319214	44.99559
20180726-h15m27s37	57.610779	144.133072	32.319214	44.995605
20180726-h15m28s58	57.604813	144.139282	32.319199	44.99559
20180726-h15m30s19	57.631393	144.165817	32.319183	44.995529
20180726-h15m31s42	57.658447	144.192276	32.319183	44.995499
20180726-h15m33s03	57.684692	144.218796	32.319183	44.995483
20180726-h15m34s24	57.711243	144.24527	32.319183	44.995499
20180726-h15m35s46	57.704987	144.25145	32.319199	44.995468
20180726-h15m37s07	57.678513	144.224884	32.319214	44.995499
20180726-h15m38s28	57.651611	144.198334	32.319214	44.995514
20180726-h15m39s48	57.625473	144.171829	32.319214	44.995483
20180726-h15m41s11	57.599091	144.145264	32.319214	44.995514
20180726-h15m42s33	57.592407	144.15155	32.319199	44.995529
20180726-h15m43s54	57.619507	144.178116	32.319183	44.995529
20180726-h15m45s14	57.645859	144.204636	32.319183	44.995544
20180726-h15m46s39	57.672348	144.23114	32.319153	44.995499
20180726-h15m48s01	57.699234	144.25766	32.319138	44.995499
20180726-h15m49s22	57.658157	144.192139	32.319168	44.995514
20180726-h16m03s40	57.636169	144.178818	32.319199	44.995529
20180726-h16m04s34	57.636154	144.178802	32.319199	44.995529
20180726-h16m04s57	57.636185	144.178818	32.319199	44.995544
20180727-h13m18s47	57.636169	144.178802	32.319199	44.995514
20180727-h13m19s45	57.636185	144.178772	32.319199	44.995514
20180727-h13m20s21	57.6362	144.178802	32.319199	44.995499
20180727-h13m20s37	57.636154	144.178802	32.319199	44.995575
20180727-h13m21s34	57.636169	144.178818	32.319199	44.99556
20180727-h13m22s00	57.636169	144.178787	32.319199	44.995575
20180727-h13m22s04	57.636215	144.178757	32.319199	44.995575
20180727-h13m23s01	57.6362	144.178772	32.319199	44.995605
20180727-h13m23s34	57.636185	144.178787	32.319199	44.995575
20180727-h13m23s44	57.595062	144.113342	32.319199	44.99559
20180727-h13m24s41	57.621964	144.139954	32.319199	44.995651
20180727-h13m25s37	57.648621	144.16655	32.319183	44.995636
20180727-h13m26s33	57.67482	144.193039	32.319214	44.995621
20180727-h13m27s30	57.701416	144.219604	32.319214	44.995636
20180727-h13m28s26	57.695145	144.225754	32.319199	44.995682
20180727-h13m29s22	57.668579	144.199173	32.319183	44.995621
20180727-h13m30s19	57.642059	144.172668	32.319199	44.995621
20180727-h13m31s19	57.615341	144.146118	32.319214	44.99559
20180727-h13m32s17	57.589203	144.119568	32.319183	44.99559
20180727-h13m33s14	57.582962	144.125793	32.319199	44.99556
20180727-h13m34s10	57.609695	144.152328	32.319183	44.995575
20180727-h13m35s07	57.636292	144.178864	32.319199	44.995529
20180727-h13m36s03	57.662613	144.205368	32.319214	44.995514
20180727-h13m36s59	57.689499	144.231827	32.319214	44.995544
20180727-h13m37s52	57.682983	144.238037	32.319199	44.995514
20180727-h13m38s49	57.656296	144.211441	32.319214	44.995483
20180727-h13m39s46	57.629944	144.184891	32.319183	44.995529
20180727-h13m40s43	57.603561	144.158356	32.319199	44.995499
20180727-h13m41s40	57.576813	144.131897	32.319214	44.995529
20180727-h13m42s37	57.57074	144.138123	32.319199	44.995514
20180727-h13m43s34	57.59761	144.164642	32.319214	44.995499
20180727-h13m44s31	57.623856	144.191177	32.319199	44.995529
20180727-h13m45s28	57.65062	144.217697	32.319199	44.995514
20180727-h13m46s25	57.677353	144.244202	32.319214	44.995483
20180727-h13m47s22	57.636185	144.178696	32.319214	44.995499
20180727-h13m47s48	57.595261	144.113266	32.319199	44.995468
20180727-h13m48s45	57.622147	144.139862	32.319183	44.995453
20180727-h13m49s42	57.649048	144.166351	32.319214	44.995453
20180727-h13m50s38	57.675415	144.192841	32.319214	44.995392
20180727-h13m51s45	57.701981	144.219345	32.319214	44.995422
20180727-h13m52s40	57.69577	144.225494	32.319199	44.995407
20180727-h13m53s25	57.636627	144.178543	32.319199	44.995422
20180727-h14m51s23	57.531036	144.001648	32.319199	44.995392
20180727-h14m52s19	57.577744	144.048981	32.319199	44.995377
20180727-h14m53s15	57.624863	144.09613	32.319199	44.995407
20180727-h14m54s11	57.672119	144.14325	32.319183	44.995377
20180727-h14m55s08	57.719513	144.190384	32.319183	44.995392
20180727-h14m56s04	57.766296	144.237549	32.319199	44.995392
20180727-h14m57s00	57.813324	144.284653	32.319214	44.995346
20180727-h14m57s56	57.795822	144.302307	32.319199	44.995331
20180727-h14m58s51	57.74852	144.255081	32.319183	44.995331
20180727-h14m59s47	57.701508	144.207901	32.319214	44.995331
20180727-h15m00s44	57.654205	144.160751	32.319199	44.995361
20180727-h15m01s50	57.607422	144.113632	32.319183	44.995331
20180727-h15m02s46	57.560043	144.066513	32.319214	44.995361
20180727-h15m03s42	57.512634	144.019333	32.319214	44.9953
20180727-h15m04s38	57.495209	144.03714	32.319199	44.9953
20180727-h15m05s34	57.542648	144.084229	32.319183	44.995285
20180727-h15m06s29	57.590012	144.131348	32.319199	44.995255
20180727-h15m07s26	57.6371	144.178513	32.319229	44.995239
20180727-h15m08s22	57.684097	144.225662	32.319214	44.995255
20180727-h15m09s19	57.731171	144.272797	32.319214	44.995285
20180727-h15m10s14	57.778564	144.319916	32.319214	44.99527
20180727-h15m11s10	57.760803	144.33754	32.319214	44.995285
20180727-h15m12s07	57.71312	144.290375	32.319229	44.995285
20180727-h15m13s03	57.666351	144.24321	32.319214	44.99527
20180727-h15m14s00	57.619217	144.196075	32.319229	44.99527
20180727-h15m14s56	57.571747	144.148956	32.319229	44.995255
20180727-h15m15s52	57.525024	144.101761	32.319214	44.995255
20180727-h15m16s48	57.477875	144.054672	32.319214	44.995239
20180727-h15m17s45	57.459961	144.072357	32.319214	44.995239
20180727-h15m18s41	57.507507	144.119492	32.319229	44.995209
20180727-h15m19s37	57.554855	144.166626	32.319229	44.995117
20180727-h15m20s33	57.602188	144.213745	32.319214	44.995132
20180727-h15m21s29	57.649139	144.260849	32.319214	44.995117
20180727-h15m22s26	57.696411	144.307938	32.319214	44.995102
20180727-h15m23s23	57.743317	144.355103	32.319214	44.995117
20180727-h15m24s31	57.639236	144.178253	32.319214	44.995102
20180727-h15m24s57	57.531372	144.001358	32.319229	44.995087
20180727-h15m25s55	57.57843	144.048706	32.319214	44.995117
20180727-h15m26s54	57.625626	144.09581	32.319214	44.995056
20180727-h15m27s52	57.672852	144.142929	32.319214	44.995026
20180727-h15m28s51	57.720352	144.190033	32.319214	44.995056
20180727-h15m29s51	57.767136	144.237198	32.319199	44.995041
20180727-h15m30s49	57.814209	144.284332	32.319199	44.995026
20180727-h15m31s46	57.796631	144.301956	32.319214	44.99498
20180727-h15m32s44	57.749405	144.254761	32.319214	44.994965
20180727-h15m33s41	57.702408	144.207535	32.319214	44.99498
20180727-h15m34s39	57.65509	144.160416	32.319214	44.994995
20180727-h15m35s38	57.608139	144.113312	32.319199	44.99498
20180727-h15m36s36	57.560974	144.066147	32.319214	44.99501
20180727-h15m37s33	57.513412	144.019043	32.319229	44.994995
20180727-h15m38s32	57.496002	144.036743	32.319214	44.99498
20180727-h15m39s34	57.543289	144.083923	32.319199	44.994949
20180727-h15m40s32	57.590927	144.130997	32.319199	44.994949
20180727-h15m41s29	57.637924	144.178162	32.319214	44.994904
20180727-h15m42s27	57.684875	144.225296	32.319214	44.994873
20180727-h15m43s28	57.732162	144.272369	32.319214	44.994843
20180727-h15m44s26	57.779449	144.319519	32.319199	44.994843
20180727-h15m45s24	57.761795	144.337173	32.319214	44.994873
20180727-h15m46s22	57.714355	144.289978	32.319214	44.994858
20180727-h15m47s21	57.667282	144.242798	32.319229	44.994843
20180727-h15m48s31	57.620209	144.195648	32.319214	44.994797
20180727-h15m49s31	57.572937	144.148468	32.319199	44.994781
20180727-h15m50s29	57.526199	144.101318	32.319214	44.994812
20180727-h15m51s28	57.478973	144.05423	32.319214	44.994797
20180727-h15m52s25	57.460938	144.071945	32.319214	44.994827
20180727-h15m53s23	57.635986	144.178146	32.319214	44.994812
20180727-h16m36s02	57.533295	144.001083	32.319214	44.994812
20180727-h16m37s00	57.579269	144.04834	32.319214	44.994812
20180727-h16m37s19	57.638733	144.178009	32.319214	44.994781
20180727-h17m09s59	57.532974	144.001068	32.319199	44.994827
20180727-h17m10s40	57.637375	144.177948	32.319214	44.994797
20180727-h17m12s36	57.532471	144.001068	32.319199	44.994751
20180727-h17m13s25	57.632126	144.177902	32.319199	44.994736
20180727-h17m15s37	57.532532	144.001053	32.319199	44.994751
20180727-h17m16s34	57.636566	144.177872	32.319214	44.994705
20180727-h17m24s29	57.534988	144.001022	32.319199	44.99472
20180727-h17m25s29	57.57933	144.048279	32.319214	44.99472
20180727-h17m26s29	57.62645	144.095383	32.319199	44.99469
20180727-h17m27s27	57.673615	144.142532	32.319214	44.99472
20180727-h17m28s28	57.720978	144.189667	32.319183	44.994675
20180727-h17m29s03	57.638519	144.177704	32.319199	44.994675
20180727-h17m29s45	57.474487	143.753098	32.319214	44.994705
20180727-h17m30s39	57.530838	143.93042	32.319199	44.994675
20180727-h17m31s32	57.707733	144.107208	32.319183	44.994675
20180727-h17m32s23	57.881058	144.283997	32.319199	44.99469
20180727-h17m32s59	57.658371	144.177551	32.319199	44.994644
20180727-h17m40s14	57.449142	143.753128	32.319199	44.994629
20180727-h17m41s22	57.531067	143.930405	32.319214	44.994629
20180727-h17m42s23	57.707489	144.107193	32.319199	44.994644
20180727-h17m43s24	57.883957	144.283966	32.319214	44.994583
20180727-h17m44s24	58.060852	144.460632	32.319199	44.994644
20180727-h17m45s25	58.027359	144.495987	32.319199	44.994614
20180727-h17m46s26	57.851776	144.319031	32.319183	44.994614
20180727-h17m47s27	57.675369	144.142334	32.319199	44.994644
20180727-h17m48s29	57.498947	143.96553	32.319199	44.994614
20180727-h17m49s29	57.321686	143.788742	32.319183	44.994598
20180727-h17m50s28	57.284363	143.824295	32.319199	44.994629
20180727-h17m51s30	57.460526	144.001114	32.319214	44.994629
20180727-h17m52s30	57.636856	144.177902	32.319183	44.994614
20180727-h17m53s32	57.808456	144.35463	32.319199	44.994614
20180727-h17m54s36	57.990448	144.531433	32.319183	44.994614
20180727-h17m55s40	57.956665	144.566711	32.319199	44.994614
20180727-h17m56s44	57.78093	144.389679	32.319214	44.994583
20180727-h17m57s46	57.607376	144.212997	32.319168	44.994598
20180727-h17m58s49	57.427612	144.036118	32.319168	44.994553
20180727-h17m59s50	57.250992	143.859512	32.319153	44.994522
20180727-h18m00s54	57.213913	143.894867	32.319153	44.994522
20180727-h18m01s56	57.385086	144.071716	32.319153	44.994507
20180727-h18m02s58	57.562515	144.24855	32.319168	44.994537
20180727-h18m04s02	57.743103	144.425278	32.319138	44.994492
20180727-h18m05s05	57.916824	144.602036	32.319168	44.994507
20180727-h18m06s08	57.733597	144.177338	32.319138	44.994507
20180727-h18m50s16	57.532837	144.000687	32.319153	44.994522
20180727-h18m51s25	57.603241	144.071609	32.319138	44.994537
20180727-h18m52s33	57.674026	144.142319	32.319153	44.994507
20180727-h18m53s45	57.744583	144.213074	32.319153	44.994522
20180727-h18m54s53	57.815704	144.283752	32.319168	44.994507
20180727-h18m56s02	57.797852	144.301346	32.319153	44.994492
20180727-h18m57s11	57.726761	144.230606	32.319153	44.994431
20180727-h18m58s17	57.656403	144.159821	32.319138	44.994415
20180727-h18m59s28	57.585876	144.089096	32.319153	44.994431
20180727-h19m00s37	57.51503	144.018372	32.319138	44.994431
20180727-h19m01s45	57.497147	144.036179	32.319153	44.994446
20180727-h19m02s55	57.568039	144.106918	32.319153	44.994431
20180727-h19m04s03	57.639114	144.177567	32.319168	44.994461
20180727-h19m05s10	57.70929	144.248322	32.319168	44.994446
20180727-h19m06s20	57.780304	144.319031	32.319168	44.994461
20180727-h19m07s29	57.76236	144.336746	32.319153	44.994492
20180727-h19m08s34	57.69162	144.265945	32.319168	44.994461
20180727-h19m09s43	57.621201	144.195206	32.319138	44.994446
20180727-h19m10s52	57.550217	144.124527	32.319168	44.994431
20180727-h19m12s00	57.479858	144.053741	32.319153	44.994431
20180727-h19m13s08	57.46167	144.071503	32.319153	44.994461
20180727-h19m14s15	57.532608	144.142273	32.319168	44.994431
20180727-h19m15s24	57.603577	144.213028	32.319168	44.994446
20180727-h19m16s32	57.674042	144.283691	32.319153	44.994461
20180727-h19m17s41	57.744781	144.354355	32.319153	44.994446
20180727-h19m18s49	57.640549	144.177536	32.319153	44.994446
20180727-h19m30s08	57.534409	144.00061	32.319153	44.994446
20180727-h19m31s20	57.603485	144.071503	32.319153	44.994461
20180727-h19m32s29	57.674316	144.142166	32.319168	44.99437
20180727-h19m33s41	57.744812	144.212906	32.319153	44.994385
20180727-h19m34s51	57.815979	144.283569	32.319122	44.994324
20180727-h19m36s05	57.798416	144.301102	32.319138	44.994263
20180727-h19m37s21	57.727402	144.230408	32.319138	44.994293
20180727-h19m38s32	57.65686	144.159592	32.319153	44.994263
20180727-h19m39s43	57.586105	144.088913	32.319153	44.994247
20180727-h19m40s53	57.515472	144.018219	32.319122	44.994263
20180727-h19m42s04	57.49791	144.035889	32.319138	44.994202
20180727-h19m43s16	57.568649	144.106674	32.319153	44.994247
20180727-h19m44s28	57.639664	144.177338	32.319138	44.994202
20180727-h19m45s39	57.7099	144.248047	32.319138	44.994202
20180727-h19m46s49	57.780838	144.31871	32.319138	44.994202
20180727-h19m48s01	57.763092	144.336441	32.319122	44.994186
20180727-h19m49s14	57.691986	144.265701	32.319122	44.994217
20180727-h19m50s25	57.621841	144.194916	32.319138	44.994186
20180727-h19m51s37	57.550812	144.124222	32.319168	44.994217
20180727-h19m52s49	57.480484	144.053467	32.319153	44.994202
20180727-h19m54s03	57.462173	144.071274	32.319153	44.994217
20180727-h19m55s13	57.53331	144.141968	32.319138	44.994186
20180727-h19m56s23	57.604355	144.212723	32.319153	44.994186
20180727-h19m57s32	57.674683	144.283417	32.319168	44.994232
20180727-h19m58s46	57.745285	144.354126	32.319153	44.994202
20180727-h19m59s56	57.640259	144.177292	32.319168	44.994202
20180727-h20m01s17	57.585678	144.088837	32.319138	44.994156
20180727-h20m03s39	57.610092	144.112473	32.319168	44.994156
20180727-h20m05s58	57.633591	144.136063	32.319168	44.994171
20180727-h20m07s25	57.639877	144.177322	32.319153	44.994171
20180727-h21m11s07	57.586029	144.088867	32.319153	44.994156
20180727-h21m13s25	57.610016	144.112457	32.319168	44.99411
20180727-h21m15s39	57.633652	144.136032	32.319153	44.994095
20180727-h21m17s54	57.657639	144.159561	32.319153	44.99408
20180727-h21m20s07	57.680954	144.183121	32.319168	44.994125
20180727-h21m22s20	57.704239	144.206757	32.319153	44.994064
20180727-h21m24s38	57.728485	144.230194	32.319153	44.994049
20180727-h21m26s50	57.722168	144.236145	32.319138	44.99408
20180727-h21m29s03	57.698486	144.212494	32.319153	44.994095
20180727-h21m31s17	57.674637	144.188904	32.319138	44.99411
20180727-h21m33s28	57.651306	144.165375	32.319138	44.99408
20180727-h21m35s41	57.627762	144.141769	32.319153	44.994095
20180727-h21m37s55	57.604141	144.11821	32.319138	44.994095
20180727-h21m40s08	57.580704	144.09465	32.319138	44.994064
20180727-h21m42s20	57.574554	144.100586	32.319138	44.994064
20180727-h21m44s32	57.598755	144.124161	32.319153	44.994019
20180727-h21m46s44	57.622055	144.14772	32.319153	44.994049
20180727-h21m48s57	57.645966	144.171249	32.319153	44.994019
20180727-h21m51s08	57.66922	144.194855	32.319138	44.993958
20180727-h21m53s22	57.692764	144.218399	32.319153	44.993988
20180727-h21m55s33	57.716904	144.241943	32.319122	44.993973
20180727-h21m57s47	57.710342	144.247833	32.319138	44.993958
20180727-h22m00s00	57.687134	144.224136	32.319153	44.993958
20180727-h22m02s10	57.663177	144.200577	32.319138	44.993973
20180727-h22m04s23	57.639938	144.177032	32.319153	44.993988
20180727-h22m06s35	57.615967	144.153442	32.319122	44.993942
20180727-h22m08s51	57.59259	144.129883	32.319138	44.993942
20180727-h22m11s02	57.569275	144.106277	32.319107	44.993927
20180727-h22m13s11	57.563202	144.112244	32.319138	44.993942
20180727-h22m15s26	57.587006	144.135834	32.319153	44.993927
20180727-h22m17s39	57.610855	144.159378	32.319092	44.993881
20180727-h22m19s49	57.634308	144.182892	32.319107	44.993851
20180727-h22m22s03	57.658264	144.206451	32.319077	44.99382
20180727-h22m24s16	57.681564	144.230011	32.319107	44.993835
20180727-h22m26s29	57.705139	144.253555	32.319077	44.99379
20180727-h22m28s43	57.699219	144.25943	32.319092	44.993805
20180727-h22m30s56	57.675568	144.235764	32.319092	44.99382
20180727-h22m33s08	57.651886	144.212173	32.319107	44.99382
20180727-h22m35s20	57.628616	144.188599	32.319092	44.99382
20180727-h22m37s32	57.604813	144.165085	32.319107	44.993805
20180727-h22m39s46	57.581207	144.141541	32.319092	44.993866
20180727-h22m42s00	57.557648	144.117981	32.319107	44.993835
20180727-h22m44s13	57.551437	144.123978	32.319092	44.993866
20180727-h22m46s26	57.575439	144.147537	32.319077	44.993881
20180727-h22m48s39	57.599365	144.171097	32.319107	44.993881
20180727-h22m50s52	57.622467	144.194656	32.319092	44.993881
20180727-h22m53s06	57.646362	144.218277	32.319077	44.993851
20180727-h22m55s20	57.669601	144.241821	32.319077	44.993851
20180727-h22m57s33	57.693237	144.265396	32.319077	44.993866
20180727-h22m59s47	57.640442	144.176956	32.319092	44.993881
20180731-h13m39s14	57.586685	144.088516	32.319107	44.993866
20180731-h13m40s08	57.640396	144.177017	32.319092	44.993881
20180731-h13m43s38	57.586655	144.088608	32.319092	44.993881
20180731-h13m45s16	57.610657	144.112183	32.319077	44.993881
20180731-h13m46s15	57.634247	144.135803	32.319077	44.993881
20180731-h13m47s13	57.658066	144.159378	32.319077	44.993881
20180731-h13m48s13	57.681381	144.182907	32.319077	44.993851
20180731-h13m49s12	57.704834	144.206497	32.319077	44.993881
20180731-h13m50s09	57.728592	144.230057	32.319077	44.993896
20180731-h13m51s06	57.722458	144.235977	32.319092	44.993866
20180731-h13m52s05	57.698959	144.21228	32.319107	44.993881
20180731-h13m53s05	57.675201	144.188721	32.319107	44.993866
20180731-h13m54s02	57.651657	144.165176	32.319122	44.993851
20180731-h13m55s00	57.628189	144.141602	32.319107	44.99382
20180731-h13m56s00	57.604675	144.117996	32.319107	44.993805
20180731-h13m56s59	57.581085	144.094421	32.319092	44.993805
20180731-h13m57s56	57.575226	144.100327	32.319077	44.99379
20180731-h13m58s56	57.599228	144.123947	32.319061	44.99382
20180731-h13m59s56	57.622574	144.147491	32.319061	44.993805
20180731-h14m00s55	57.646408	144.171082	32.319061	44.993774
20180731-h14m01s56	57.669662	144.194656	32.319061	44.99379
20180731-h14m02s55	57.693268	144.218216	32.319061	44.99379
20180731-h14m03s53	57.717529	144.24176	32.319061	44.993805
20180731-h14m04s52	57.710815	144.24765	32.319092	44.993805
20180731-h14m05s50	57.687454	144.224014	32.319107	44.99379
20180731-h14m06s46	57.663483	144.20047	32.319107	44.993759
20180731-h14m07s44	57.64032	144.176865	32.319107	44.993774
20180731-h14m08s41	57.616302	144.15329	32.319107	44.99382
20180731-h14m09s48	57.59288	144.12973	32.319107	44.993744
20180731-h14m10s46	57.569641	144.10611	32.319107	44.993744
20180731-h14m11s43	57.563507	144.112091	32.319092	44.993713
20180731-h14m12s38	57.587296	144.135696	32.319077	44.993759
20180731-h14m13s38	57.61113	144.159271	32.319107	44.993744
20180731-h14m14s37	57.634491	144.182831	32.319077	44.993744
20180731-h14m15s40	57.658417	144.206375	32.319077	44.993729
20180731-h14m16s38	57.681656	144.229935	32.319077	44.993744
20180731-h14m17s36	57.705246	144.253494	32.319077	44.993713
20180731-h14m18s33	57.69928	144.259384	32.319092	44.993713
20180731-h14m19s32	57.675659	144.235748	32.319107	44.993729
20180731-h14m20s31	57.651947	144.212158	32.319107	44.993744
20180731-h14m21s29	57.628601	144.188568	32.319107	44.993744
20180731-h14m22s26	57.604858	144.165085	32.319107	44.993744
20180731-h14m23s27	57.581268	144.141464	32.319077	44.993744
20180731-h14m24s26	57.557922	144.117859	32.319107	44.993698
20180731-h14m25s23	57.551788	144.123825	32.319092	44.993698
20180731-h14m26s22	57.575775	144.147385	32.319077	44.993668
20180731-h14m27s19	57.599792	144.170914	32.319077	44.993683
20180731-h14m28s13	57.640472	144.17688	32.319092	44.993668
20180731-h16m45s47	57.608566	144.138428	32.319107	44.993668
20180731-h16m46s46	57.626419	144.156128	32.319061	44.993713
20180731-h16m47s43	57.644333	144.173828	32.319061	44.993683
20180731-h16m48s41	57.661636	144.191574	32.319061	44.993698
20180731-h16m49s39	57.679749	144.209167	32.319061	44.993698
20180731-h16m50s37	57.674774	144.213623	32.319092	44.993668
20180731-h16m51s35	57.657211	144.195801	32.319107	44.993683
20180731-h16m52s32	57.639557	144.178146	32.319122	44.993652
20180731-h16m53s32	57.621719	144.160446	32.319107	44.993652
20180731-h16m54s30	57.604309	144.142731	32.319122	44.993607
20180731-h16m55s28	57.599854	144.147278	32.319092	44.993637
20180731-h16m56s27	57.617676	144.164948	32.319061	44.993622
20180731-h16m57s26	57.635513	144.182617	32.319077	44.993607
20180731-h16m58s25	57.65303	144.200287	32.319077	44.993622
20180731-h16m59s22	57.670975	144.217957	32.319061	44.993622
20180731-h17m00s20	57.666275	144.222366	32.319092	44.993622
20180731-h17m01s16	57.64859	144.204636	32.319107	44.993622
20180731-h17m02s14	57.630539	144.18692	32.319122	44.993637
20180731-h17m03s10	57.613037	144.169266	32.319122	44.993652
20180731-h17m04s07	57.595413	144.151581	32.319122	44.993622
20180731-h17m05s05	57.590958	144.156097	32.319092	44.993622
20180731-h17m06s02	57.609024	144.173782	32.319061	44.993622
20180731-h17m07s02	57.626556	144.191467	32.319061	44.993637
20180731-h17m08s03	57.64444	144.209137	32.319061	44.993607
20180731-h17m09s00	57.66188	144.226837	32.319077	44.993607
20180731-h17m09s57	57.635239	144.18251	32.319092	44.993637
20180731-h17m10s32	57.608627	144.13829	32.319092	44.993561
20180731-h17m11s30	57.626663	144.156036	32.319061	44.993561
20180731-h17m12s27	57.644577	144.173721	32.319061	44.993546
20180731-h17m13s27	57.662048	144.191391	32.319061	44.99353
20180731-h17m14s26	57.680069	144.20903	32.319061	44.99353
20180731-h17m15s24	57.675293	144.21344	32.319092	44.9935
20180731-h17m16s25	57.657516	144.195648	32.319122	44.993515
20180731-h17m17s23	57.640015	144.177948	32.319122	44.993515
20180731-h17m18s20	57.622025	144.160294	32.319122	44.9935
20180731-h17m19s17	57.604767	144.142532	32.319107	44.993454
20180731-h17m20s15	57.600327	144.147079	32.319092	44.993469
20180731-h17m21s11	57.618103	144.16478	32.319061	44.993439
20180731-h17m22s07	57.636078	144.182404	32.319077	44.993393
20180731-h17m23s07	57.653564	144.200089	32.319061	44.993378
20180731-h17m24s06	57.671448	144.217743	32.319077	44.993423
20180731-h17m25s04	57.666855	144.222137	32.319092	44.993378
20180731-h17m25s51	57.635956	144.182251	32.319092	44.993317
20180731-h17m26s18	57.582535	144.093796	32.319092	44.993332
20180731-h17m27s29	57.611298	144.122223	32.319077	44.993317
20180731-h17m27s50	57.636826	144.182404	32.319092	44.993317
20180731-h17m29s19	57.582672	144.093887	32.319092	44.993301
20180731-h17m30s17	57.636276	144.182312	32.319092	44.993332
20180731-h17m31s04	57.582779	144.093872	32.319092	44.993301
20180731-h17m32s36	57.611191	144.122223	32.319077	44.993332
20180731-h17m33s37	57.64003	144.150452	32.319077	44.993271
20180731-h17m34s41	57.667877	144.178757	32.319077	44.993301
20180731-h17m35s52	57.696167	144.207077	32.319077	44.993286
20180731-h17m37s07	57.724503	144.235321	32.319092	44.993256
20180731-h17m37s45	57.636383	144.182159	32.319107	44.99324
20180731-h17m38s02	57.582565	144.093719	32.319092	44.99324
20180731-h17m38s35	57.63649	144.182251	32.319092	44.993271
20180731-h17m39s05	57.582825	144.093796	32.319092	44.99324
20180731-h17m40s18	57.636337	144.182251	32.319092	44.993256
20180731-h17m41s34	57.582886	144.093765	32.319092	44.993301
20180731-h17m42s36	57.611328	144.122147	32.319092	44.993271
20180731-h17m43s36	57.639969	144.150436	32.319077	44.993286
20180731-h17m44s36	57.667908	144.178711	32.319077	44.99321
20180731-h17m45s35	57.69635	144.206955	32.319077	44.993225
20180731-h17m46s37	57.724716	144.235199	32.319077	44.99321
20180731-h17m47s37	57.717514	144.242249	32.319092	44.99321
20180731-h17m48s36	57.689041	144.213913	32.319107	44.99321
20180731-h17m49s37	57.66098	144.185593	32.319107	44.993195
20180731-h17m50s37	57.632401	144.157349	32.319107	44.99321
20180731-h17m51s36	57.604401	144.129074	32.319107	44.993195
20180731-h17m52s37	57.575821	144.100769	32.319107	44.993195
20180731-h17m53s37	57.568924	144.107956	32.319077	44.993225
20180731-h17m54s36	57.597351	144.136246	32.319061	44.99321
20180731-h17m55s38	57.625641	144.164505	32.319077	44.993195
20180731-h17m56s24	57.63681	144.182144	32.319046	44.993164
20180731-h18m17s17	57.583084	144.093643	32.319077	44.993134
20180731-h18m18s18	57.611511	144.122055	32.319061	44.993164
20180731-h18m19s17	57.640305	144.150299	32.319061	44.993134
20180731-h18m20s16	57.668045	144.178635	32.319077	44.993149
20180731-h18m21s15	57.696487	144.206909	32.319061	44.993164
20180731-h18m22s14	57.724686	144.235184	32.319061	44.993149
20180731-h18m23s15	57.717514	144.242233	32.319077	44.993179
20180731-h18m24s14	57.689148	144.213898	32.319077	44.993134
20180731-h18m25s12	57.661148	144.185501	32.319077	44.993088
20180731-h18m26s11	57.632584	144.157242	32.319092	44.993088
20180731-h18m27s09	57.604599	144.128983	32.319092	44.993057
20180731-h18m28s07	57.576065	144.100647	32.319092	44.993073
20180731-h18m29s06	57.569336	144.107758	32.319077	44.993027
20180731-h18m30s07	57.597733	144.136093	32.319061	44.993027
20180731-h18m31s06	57.626099	144.164307	32.319077	44.992996
20180731-h18m32s06	57.654404	144.192596	32.319061	44.992996
20180731-h18m33s04	57.682724	144.220917	32.319061	44.993011
20180731-h18m34s03	57.710938	144.249146	32.319061	44.992996
20180731-h18m35s05	57.703842	144.256195	32.319092	44.992981
20180731-h18m36s03	57.675674	144.227814	32.319092	44.992935
20180731-h18m37s04	57.647446	144.199493	32.319092	44.992905
20180731-h18m38s04	57.618958	144.171249	32.319077	44.992889
20180731-h18m39s05	57.590561	144.142944	32.319092	44.992905
20180731-h18m40s04	57.562561	144.11467	32.319092	44.99292
20180731-h18m41s05	57.555267	144.121796	32.319077	44.99292
20180731-h18m42s05	57.583832	144.150085	32.319061	44.992905
20180731-h18m43s04	57.61232	144.178391	32.319061	44.992889
20180731-h18m44s04	57.640762	144.20665	32.319061	44.992889
20180731-h18m45s02	57.668793	144.234894	32.319061	44.992905
20180731-h18m46s01	57.697083	144.263229	32.319061	44.992889
20180731-h18m46s59	57.689926	144.270279	32.319077	44.992905
20180731-h18m47s57	57.661621	144.241928	32.319061	44.992889
20180731-h18m48s55	57.63298	144.213638	32.319046	44.99292
20180731-h18m49s54	57.60498	144.185349	32.319031	44.99292
20180731-h18m50s53	57.576492	144.157059	32.319046	44.992905
20180731-h18m51s51	57.548355	144.12883	32.319046	44.992905
20180731-h18m52s50	57.636948	144.181915	32.319016	44.99292
20180731-h19m01s22	57.583633	144.09343	32.319016	44.99292
20180731-h19m02s52	57.607681	144.11705	32.319	44.99292
20180731-h19m04s20	57.630997	144.14061	32.319	44.992889
20180731-h19m05s48	57.654663	144.1642	32.319	44.992889
20180731-h19m07s17	57.67865	144.187714	32.319	44.992889
20180731-h19m08s46	57.701736	144.211304	32.319	44.992874
20180731-h19m10s13	57.725586	144.234863	32.319	44.992859
20180731-h19m11s40	57.719482	144.240738	32.319016	44.992874
20180731-h19m13s07	57.695801	144.217087	32.319031	44.992859
20180731-h19m14s37	57.672241	144.193466	32.319046	44.992859
20180731-h19m16s06	57.648911	144.169937	32.319046	44.992859
20180731-h19m17s36	57.624847	144.146378	32.319046	44.992844
20180731-h19m19s05	57.601685	144.122818	32.319046	44.992859
20180731-h19m20s36	57.57782	144.099228	32.319046	44.992859
20180731-h19m22s08	57.572128	144.105194	32.319031	44.992798
20180731-h19m23s37	57.5961	144.128738	32.319016	44.992813
20180731-h19m25s09	57.619614	144.152328	32.319016	44.992798
20180731-h19m26s41	57.643112	144.175873	32.319016	44.992798
20180731-h19m28s11	57.666611	144.199493	32.319016	44.992813
20180731-h19m29s42	57.690308	144.223007	32.319016	44.992813
20180731-h19m31s14	57.713806	144.246582	32.319016	44.992813
20180731-h19m32s43	57.707932	144.252441	32.319031	44.992783
20180731-h19m34s13	57.68425	144.228775	32.319046	44.992798
20180731-h19m35s42	57.660675	144.205246	32.319046	44.992798
20180731-h19m37s13	57.637177	144.181641	32.319046	44.992783
20180731-h19m38s43	57.613205	144.158081	32.319046	44.992783
20180731-h19m40s15	57.590057	144.134521	32.319046	44.992706
20180731-h19m41s45	57.566635	144.110886	32.319046	44.992737
20180731-h19m43s15	57.560593	144.116882	32.319031	44.992737
20180731-h19m44s46	57.584122	144.140488	32.319016	44.992722
20180731-h19m46s17	57.608337	144.164017	32.319031	44.992722
20180731-h19m47s49	57.631393	144.187607	32.319016	44.992722
20180731-h19m49s22	57.655151	144.211166	32.319016	44.992752
20180731-h19m50s55	57.678955	144.234741	32.319016	44.992752
20180731-h19m52s25	57.702103	144.258301	32.319016	44.992737
20180731-h19m53s58	57.696213	144.264175	32.319031	44.992691
20180731-h19m55s29	57.672607	144.240463	32.319046	44.992676
20180731-h19m57s00	57.649323	144.216888	32.319046	44.992661
20180731-h19m58s34	57.625381	144.193314	32.319046	44.992676
20180731-h20m00s09	57.602097	144.169785	32.319046	44.992676
20180731-h20m01s42	57.578323	144.146179	32.319046	44.992706
20180731-h20m03s15	57.554703	144.12262	32.319046	44.992752
20180731-h20m04s47	57.548874	144.128662	32.319031	44.992722
20180731-h20m06s17	57.572479	144.152252	32.319016	44.992706
20180731-h20m07s48	57.596481	144.175858	32.319016	44.992722
20180731-h20m09s19	57.61972	144.199387	32.319016	44.992722
20180731-h20m10s52	57.643295	144.222992	32.319016	44.992722
20180731-h20m12s23	57.666779	144.246536	32.319016	44.992783
20180731-h20m13s54	57.690491	144.27005	32.319016	44.992722
20180731-h20m15s27	57.637589	144.181595	32.319031	44.992722
20180731-h20m15s29	57.583633	144.09314	32.319031	44.99263
20180731-h20m18s00	57.608307	144.116776	32.319016	44.992645
20180731-h20m20s32	57.631622	144.140335	32.319016	44.992584
20180731-h20m23s05	57.655457	144.163879	32.319016	44.992584
20180731-h20m25s33	57.679123	144.187485	32.319016	44.992599
20180731-h20m28s01	57.702286	144.211044	32.319016	44.992584
20180731-h20m30s28	57.726425	144.234573	32.319016	44.992569
20180731-h20m32s56	57.720184	144.240402	32.319031	44.992523
20180731-h20m35s22	57.696518	144.216766	32.319046	44.992523
20180731-h20m37s47	57.672974	144.193085	32.319046	44.992493
20180731-h20m40s14	57.649628	144.169601	32.319046	44.992462
20180731-h20m42s43	57.625702	144.146027	32.319046	44.992493
20180731-h20m45s09	57.602463	144.122437	32.319046	44.992523
20180731-h20m47s38	57.578705	144.098862	32.319046	44.992432
20180731-h20m50s07	57.572891	144.104813	32.319031	44.992477
20180731-h20m52s34	57.597046	144.128372	32.319016	44.992416
20180731-h20m55s02	57.620316	144.151962	32.319016	44.992432
20180731-h20m57s31	57.643982	144.175552	32.319016	44.992386
20180731-h20m59s57	57.667496	144.199081	32.319016	44.992401
20180731-h21m02s22	57.691162	144.222595	32.319	44.992386
20180731-h21m04s48	57.714905	144.246185	32.319	44.992371
20180731-h21m07s18	57.708771	144.25206	32.319031	44.992294
20180731-h21m09s46	57.685364	144.228317	32.319031	44.99231
20180731-h21m12s15	57.661697	144.204773	32.319031	44.992325
20180731-h21m14s44	57.638306	144.181168	32.319046	44.992294
20180731-h21m17s11	57.614426	144.157547	32.319031	44.992294
20180731-h21m19s38	57.591217	144.134003	32.319031	44.992294
20180731-h21m22s06	57.567703	144.110428	32.319031	44.992279
20180731-h21m24s36	57.561615	144.116425	32.319016	44.992249
20180731-h21m27s06	57.585373	144.139984	32.319	44.992249
20180731-h21m29s39	57.609344	144.163559	32.319016	44.992264
20180731-h21m32s10	57.632416	144.187149	32.319016	44.992249
20180731-h21m34s42	57.656418	144.210693	32.319	44.992264
20180731-h21m37s13	57.679779	144.234314	32.319016	44.992264
20180731-h21m39s49	57.703171	144.257828	32.319	44.992264
20180731-h21m42s16	57.697342	144.263702	32.319016	44.992249
20180731-h21m44s44	57.673431	144.240021	32.319031	44.992203
20180731-h21m47s12	57.650421	144.2164	32.319031	44.992218
20180731-h21m49s41	57.626556	144.192841	32.319031	44.992203
20180731-h21m52s08	57.603149	144.169312	32.319031	44.992172
20180731-h21m54s39	57.579468	144.145706	32.319031	44.992188
20180731-h21m57s08	57.556015	144.122101	32.319046	44.992142
20180731-h21m59s37	57.550095	144.128098	32.319016	44.992096
20180731-h22m02s06	57.573898	144.151657	32.319	44.992126
20180731-h22m04s40	57.598038	144.175217	32.319016	44.99205
20180731-h22m07s07	57.621231	144.1987	32.319016	44.992096
20180731-h22m09s36	57.645035	144.22229	32.319016	44.992081
20180731-h22m12s04	57.66835	144.24588	32.319016	44.992096
20180731-h22m14s31	57.691788	144.269485	32.319016	44.992065
20180731-h22m16s57	57.639297	144.180939	32.319031	44.992035
20180731-h22m16s59	57.585205	144.092468	32.319031	44.99202
20180731-h22m19s25	57.609695	144.11615	32.319	44.992035
20180731-h22m21s55	57.633148	144.139694	32.319	44.992035
20180731-h22m24s24	57.657013	144.1633	32.319	44.992035
20180731-h22m26s52	57.680344	144.186859	32.319016	44.992035
20180731-h22m29s20	57.703659	144.210449	32.319	44.992081
20180731-h22m31s48	57.727585	144.23407	32.319	44.992096
20180731-h22m34s15	57.721344	144.239899	32.318985	44.992081
20180731-h22m36s45	57.69783	144.216263	32.319	44.99205
20180731-h22m39s18	57.673981	144.192627	32.319	44.99202
20180731-h22m41s47	57.650711	144.169113	32.319	44.99205
20180731-h22m44s14	57.626953	144.145538	32.319	44.99205
20180731-h22m46s42	57.603607	144.121918	32.318985	44.99205
20180731-h22m49s10	57.57988	144.098373	32.318985	44.99202
20180731-h22m51s42	57.573837	144.104385	32.31897	44.992035
20180731-h22m54s10	57.598068	144.127945	32.31897	44.992004
20180731-h22m56s40	57.621414	144.151459	32.318954	44.991974
20180731-h22m59s10	57.645325	144.175018	32.318954	44.991989
20180731-h23m01s37	57.668549	144.198608	32.318954	44.991959
20180731-h23m04s07	57.692154	144.222153	32.318924	44.991974
20180731-h23m06s35	57.71608	144.245728	32.318909	44.992004
20180731-h23m09s03	57.709778	144.251602	32.318924	44.991974
20180731-h23m11s33	57.686325	144.227921	32.318939	44.991943
20180731-h23m14s00	57.662521	144.204361	32.318954	44.991943
20180731-h23m16s28	57.639236	144.180786	32.318939	44.991943
20180731-h23m19s00	57.615143	144.157227	32.318939	44.991959
20180731-h23m21s28	57.591934	144.133652	32.318939	44.991974
20180731-h23m23s58	57.56842	144.110107	32.318924	44.991974
20180731-h23m26s27	57.562302	144.116104	32.318924	44.991989
20180731-h23m28s58	57.586029	144.139694	32.318909	44.991974
20180731-h23m31s32	57.609955	144.163254	32.318909	44.991959
20180731-h23m34s05	57.633255	144.186798	32.318909	44.991959
20180731-h23m36s33	57.657166	144.210373	32.318909	44.991959
20180731-h23m39s01	57.680496	144.233948	32.318909	44.991989
20180731-h23m41s28	57.703903	144.257523	32.318909	44.991928
20180731-h23m43s57	57.69809	144.263367	32.318924	44.991943
20180731-h23m46s29	57.674423	144.23967	32.318924	44.991928
20180731-h23m48s58	57.650986	144.216125	32.318924	44.991913
20180731-h23m51s26	57.627304	144.19252	32.318924	44.991898
20180731-h23m53s57	57.603851	144.168976	32.318924	44.991928
20180731-h23m56s25	57.580185	144.145401	32.318924	44.991943
20180731-h23m58s55	57.556702	144.121841	32.318924	44.991913
