20180801-h00m01s24	57.550613	144.127808	32.318909	44.991913
20180801-h00m03s57	57.574448	144.151413	32.318893	44.991913
20180801-h00m06s25	57.598572	144.174988	32.318893	44.991913
20180801-h00m08s54	57.621552	144.198532	32.318893	44.991913
20180801-h00m11s24	57.645554	144.222092	32.318893	44.991898
20180801-h00m13s53	57.668777	144.245667	32.318893	44.991913
20180801-h00m16s21	57.692337	144.269241	32.318893	44.991913
20180801-h00m18s52	57.639633	144.180786	32.318909	44.991913
20180801-h00m18s54	57.585419	144.092377	32.318909	44.991913
20180801-h00m21s20	57.60994	144.116013	32.318893	44.991928
20180801-h00m23s49	57.63327	144.139618	32.318893	44.991928
20180801-h00m26s18	57.657227	144.163193	32.318893	44.991882
20180801-h00m28s47	57.680588	144.186737	32.318893	44.991913
20180801-h00m31s16	57.703979	144.210312	32.318878	44.991898
20180801-h00m33s45	57.728073	144.233887	32.318893	44.991913
20180801-h00m36s19	57.721588	144.239761	32.318909	44.991928
20180801-h00m38s49	57.697876	144.216125	32.318924	44.991898
20180801-h00m41s21	57.674286	144.19252	32.318924	44.991867
20180801-h00m43s52	57.651062	144.16893	32.318924	44.991913
20180801-h00m46s20	57.627274	144.145386	32.318924	44.991898
20180801-h00m48s48	57.603851	144.121811	32.318924	44.991928
20180801-h00m51s18	57.580154	144.098251	32.318924	44.991913
20180801-h00m53s56	57.574142	144.104233	32.318878	44.991913
20180801-h00m56s25	57.598328	144.127838	32.318848	44.991943
20180801-h00m58s55	57.621536	144.151398	32.318848	44.991882
20180801-h01m01s26	57.645477	144.174942	32.318848	44.991867
20180801-h01m03s56	57.668808	144.198502	32.318848	44.991882
20180801-h01m06s26	57.692398	144.222031	32.318848	44.991821
20180801-h01m08s57	57.716492	144.245605	32.318848	44.991837
20180801-h01m11s31	57.710098	144.25148	32.318863	44.991837
20180801-h01m14s02	57.686554	144.227814	32.318878	44.991821
20180801-h01m16s32	57.662659	144.204285	32.318878	44.99176
20180801-h01m19s02	57.639465	144.180664	32.318878	44.991821
20180801-h01m21s33	57.615524	144.157059	32.318878	44.991806
20180801-h01m24s05	57.592224	144.133514	32.318878	44.99176
20180801-h01m26s34	57.568832	144.109924	32.318878	44.991806
20180801-h01m29s04	57.562668	144.115921	32.318863	44.991745
20180801-h01m31s39	57.586639	144.139435	32.318863	44.99176
20180801-h01m34s09	57.610458	144.16301	32.318832	44.99176
20180801-h01m36s40	57.633789	144.1866	32.318832	44.99173
20180801-h01m39s10	57.657654	144.210144	32.318832	44.99173
20180801-h01m41s39	57.680878	144.233749	32.318832	44.991776
20180801-h01m44s08	57.704315	144.257339	32.318802	44.99176
20180801-h01m46s38	57.698471	144.263214	32.318802	44.991776
20180801-h01m49s09	57.67482	144.239487	32.318817	44.99176
20180801-h01m51s42	57.651321	144.215958	32.318802	44.991745
20180801-h01m54s13	57.627777	144.192352	32.318802	44.991745
20180801-h01m56s42	57.604156	144.168823	32.318802	44.991745
20180801-h01m59s13	57.580536	144.145203	32.318802	44.991714
20180801-h02m01s47	57.557205	144.121613	32.318802	44.991714
20180801-h02m04s18	57.550949	144.127625	32.318787	44.99173
20180801-h02m06s48	57.574768	144.151245	32.318771	44.99173
20180801-h02m09s20	57.598938	144.17482	32.318771	44.991745
20180801-h02m11s50	57.621902	144.198364	32.318771	44.99173
20180801-h02m14s26	57.64595	144.221909	32.318771	44.991699
20180801-h02m16s55	57.669281	144.245438	32.318771	44.991684
20180801-h02m19s26	57.692917	144.268997	32.318771	44.991669
20180801-h02m21s56	57.640289	144.180496	32.318787	44.991638
20180801-h03m49s32	57.511215	143.991684	32.318802	44.991684
20180801-h03m50s30	57.581406	144.062607	32.318771	44.991684
20180801-h03m51s19	57.652191	144.133301	32.318771	44.991669
20180801-h03m52s07	57.723068	144.204056	32.318787	44.991669
20180801-h03m52s53	57.793457	144.274689	32.318787	44.991684
20180801-h03m53s42	57.776047	144.292374	32.318787	44.991684
20180801-h03m54s32	57.705017	144.221527	32.318802	44.991669
20180801-h03m55s20	57.634567	144.150879	32.318802	44.991699
20180801-h03m56s20	57.563766	144.080154	32.318817	44.991684
20180801-h03m57s09	57.492905	144.009491	32.318802	44.991653
20180801-h03m57s56	57.475296	144.027222	32.318802	44.991699
20180801-h03m58s44	57.54599	144.098007	32.318787	44.991684
20180801-h03m59s33	57.617233	144.16864	32.318802	44.991669
20180801-h04m00s22	57.687607	144.239349	32.318787	44.991653
20180801-h04m01s11	57.758453	144.310059	32.318787	44.991638
20180801-h04m02s00	57.740723	144.327682	32.318802	44.991653
20180801-h04m02s49	57.6698	144.256882	32.318817	44.991623
20180801-h04m03s37	57.599579	144.186172	32.318817	44.991608
20180801-h04m04s27	57.528488	144.115448	32.318802	44.991638
20180801-h04m05s16	57.457703	144.044815	32.318802	44.991623
20180801-h04m06s03	57.44017	144.062561	32.318787	44.991623
20180801-h04m06s52	57.510696	144.133316	32.318802	44.991623
20180801-h04m07s41	57.581741	144.20401	32.318802	44.991638
20180801-h04m08s30	57.652252	144.274658	32.318802	44.991608
20180801-h04m09s19	57.723343	144.345413	32.318787	44.991623
20180801-h04m10s07	57.618332	144.168472	32.318802	44.991623
20180801-h04m10s09	57.511078	143.991608	32.318817	44.991577
20180801-h04m14s10	57.558319	144.038956	32.318787	44.991577
20180801-h04m18s12	57.605377	144.086075	32.318787	44.991547
20180801-h04m22s15	57.652374	144.133209	32.318771	44.991531
20180801-h04m26s25	57.699768	144.180328	32.318787	44.991547
20180801-h04m30s28	57.746765	144.227478	32.318771	44.991577
20180801-h04m34s29	57.793991	144.274597	32.318771	44.991577
20180801-h04m38s24	57.782074	144.286362	32.318787	44.991577
20180801-h04m42s20	57.735077	144.23909	32.318802	44.991562
20180801-h04m46s15	57.687897	144.191986	32.318787	44.991547
20180801-h04m50s11	57.640671	144.144882	32.318802	44.991577
20180801-h04m54s04	57.59314	144.097717	32.318802	44.991562
20180801-h04m58s07	57.546402	144.050644	32.318787	44.991547
20180801-h05m02s03	57.499252	144.003448	32.318802	44.991501
20180801-h05m05s58	57.487411	144.015259	32.318787	44.991501
20180801-h05m09s54	57.534653	144.062439	32.318787	44.99147
20180801-h05m13s49	57.582123	144.109558	32.318771	44.991486
20180801-h05m17s43	57.629181	144.156693	32.318771	44.991516
20180801-h05m21s42	57.676437	144.203827	32.318771	44.991486
20180801-h05m25s39	57.723373	144.250992	32.318771	44.99147
20180801-h05m29s34	57.770569	144.298096	32.318771	44.99147
20180801-h05m33s33	57.75885	144.309814	32.318787	44.991425
20180801-h05m37s29	57.711044	144.262589	32.318802	44.991455
20180801-h05m41s26	57.664597	144.215424	32.318802	44.991455
20180801-h05m45s23	57.617401	144.16832	32.318802	44.991409
20180801-h05m49s19	57.57019	144.12114	32.318802	44.991409
20180801-h05m53s16	57.523163	144.074036	32.318802	44.99144
20180801-h05m57s10	57.47583	144.026871	32.318802	44.991394
20180801-h06m01s08	57.464005	144.038757	32.318787	44.991379
20180801-h06m05s10	57.511612	144.085892	32.318771	44.991379
20180801-h06m09s07	57.559158	144.132996	32.318771	44.991302
20180801-h06m13s13	57.60585	144.18013	32.318771	44.991318
20180801-h06m17s12	57.653122	144.227219	32.318771	44.991318
20180801-h06m21s09	57.700394	144.274384	32.318771	44.991302
20180801-h06m25s03	57.747482	144.321457	32.318771	44.991272
20180801-h06m28s59	57.735703	144.333221	32.318787	44.991211
20180801-h06m32s57	57.68866	144.285965	32.318802	44.991257
20180801-h06m36s55	57.641434	144.238861	32.318802	44.991226
20180801-h06m40s55	57.594086	144.191681	32.318802	44.991211
20180801-h06m44s50	57.54718	144.144547	32.318787	44.991211
20180801-h06m48s58	57.500153	144.097366	32.318802	44.991211
20180801-h06m52s57	57.452515	144.050323	32.318802	44.991211
20180801-h06m56s57	57.441071	144.06218	32.318771	44.991196
20180801-h07m00s56	57.488373	144.109299	32.318787	44.991211
20180801-h07m04s51	57.535553	144.156418	32.318771	44.991226
20180801-h07m08s48	57.582794	144.203568	32.318787	44.991226
20180801-h07m12s46	57.630005	144.250702	32.318771	44.991196
20180801-h07m16s43	57.677078	144.297836	32.318787	44.99115
20180801-h07m20s41	57.724136	144.344971	32.318787	44.99115
20180801-h07m24s38	57.619736	144.167999	32.318802	44.991165
20180801-h11m10s29	57.512161	143.991135	32.318802	44.99115
20180801-h11m14s50	57.559448	144.038467	32.318787	44.99115
20180801-h11m18s51	57.60643	144.085632	32.318787	44.991135
20180801-h11m22s50	57.653473	144.132767	32.318802	44.991089
20180801-h11m26s51	57.700912	144.179825	32.318787	44.991074
20180801-h11m30s52	57.747894	144.227005	32.318787	44.991104
20180801-h11m34s54	57.795242	144.274139	32.318787	44.991104
20180801-h11m39s00	57.783142	144.285904	32.318802	44.991089
20180801-h11m43s04	57.736191	144.238632	32.318817	44.991089
20180801-h11m47s08	57.68895	144.191498	32.318817	44.991089
20180801-h11m51s08	57.641785	144.144424	32.318817	44.991089
20180801-h11m55s13	57.59436	144.097244	32.318802	44.991089
20180801-h11m59s20	57.547562	144.05014	32.318802	44.991089
20180801-h12m04s29	57.500534	144.002914	32.318817	44.991074
20180801-h12m09s08	57.488556	144.014816	32.318802	44.991043
20180801-h12m13s16	57.535736	144.061996	32.318802	44.991028
20180801-h12m17s21	57.583145	144.1091	32.318787	44.991028
20180801-h12m21s28	57.630295	144.15625	32.318787	44.991028
20180801-h12m25s40	57.677628	144.203354	32.318771	44.991028
20180801-h12m29s48	57.724533	144.250504	32.318787	44.991028
20180801-h12m33s58	57.771622	144.297623	32.318787	44.991043
20180801-h12m38s04	57.759918	144.309372	32.318802	44.991043
20180801-h12m42s16	57.712097	144.262161	32.318817	44.991028
20180801-h12m46s25	57.665527	144.215042	32.318817	44.991028
20180801-h12m50s57	57.618469	144.167892	32.318817	44.991028
20180801-h12m55s05	57.570999	144.120773	32.318817	44.991028
20180801-h12m59s15	57.524124	144.073624	32.318817	44.991028
20180801-h13m03s26	57.476852	144.02652	32.318817	44.991043
20180801-h13m07s30	57.46489	144.038361	32.318802	44.991043
20180801-h13m11s31	57.512466	144.085541	32.318787	44.991043
20180801-h13m15s33	57.55983	144.13269	32.318802	44.991028
20180801-h13m19s38	57.606689	144.179794	32.318787	44.991043
20180801-h13m24s22	57.653687	144.226959	32.318787	44.990982
20180801-h13m29s25	57.701233	144.274017	32.318787	44.990982
20180801-h13m34s05	57.74826	144.321136	32.318787	44.990967
20180801-h13m38s15	57.73642	144.332916	32.318802	44.990952
20180801-h13m42s26	57.689072	144.28569	32.318817	44.990952
20180801-h13m46s59	57.642151	144.238571	32.318817	44.990982
20180801-h13m52s01	57.594788	144.191422	32.318817	44.990967
20180801-h13m56s11	57.547821	144.144257	32.318817	44.990936
20180801-h14m00s52	57.500824	144.097092	32.318802	44.990906
20180801-h14m05s35	57.453323	144.049988	32.318817	44.990906
20180801-h14m09s51	57.441925	144.061829	32.318802	44.990906
20180801-h14m14s03	57.489075	144.108978	32.318802	44.990906
20180801-h14m15s14	57.618011	144.168045	32.318802	44.990875
20180801-h16m48s37	57.61879	144.167786	32.318802	44.99086
20180801-h16m50s46	57.618805	144.16777	32.318802	44.99086
20180801-h16m51s34	57.61882	144.167755	32.318802	44.990845
20180801-h16m52s45	57.618835	144.167755	32.318802	44.990799
20180801-h16m53s16	57.618805	144.167755	32.318802	44.990845
20180801-h16m54s37	57.618729	144.16777	32.318802	44.990829
20180801-h17m07s28	57.618729	144.16774	32.318802	44.990814
20180801-h17m09s21	57.61879	144.16774	32.318802	44.990799
20180801-h17m14s40	57.61879	144.167725	32.318802	44.990768
20180801-h17m23s23	57.61879	144.167679	32.318802	44.990738
20180801-h17m32s58	57.57811	144.10231	32.318817	44.990753
20180801-h17m34s04	57.604568	144.128906	32.318787	44.990768
20180801-h17m35s11	57.631226	144.155396	32.318787	44.990723
20180801-h17m36s18	57.658005	144.1819	32.318787	44.990738
20180801-h17m37s26	57.684265	144.20842	32.318787	44.990707
20180801-h17m38s34	57.677979	144.21463	32.318802	44.990723
20180801-h17m39s42	57.651169	144.188004	32.318817	44.990692
20180801-h17m40s50	57.625153	144.161423	32.318817	44.990692
20180801-h17m41s57	57.598633	144.134933	32.318817	44.990677
20180801-h17m43s08	57.571732	144.108383	32.318817	44.990601
20180801-h17m44s14	57.565994	144.114624	32.318802	44.990631
20180801-h17m45s22	57.592499	144.141144	32.318787	44.990601
20180801-h17m46s29	57.619553	144.167648	32.318787	44.990616
20180801-h17m47s36	57.645706	144.194168	32.318787	44.990585
20180801-h17m48s42	57.672241	144.220627	32.318787	44.990555
20180801-h17m49s51	57.666046	144.226807	32.318802	44.99057
20180801-h17m50s59	57.639679	144.200195	32.318817	44.99054
20180801-h17m52s48	57.612686	144.17366	32.318817	44.990555
20180801-h17m53s55	57.586655	144.14711	32.318817	44.99054
20180801-h17m55s01	57.56015	144.120621	32.318817	44.990555
20180801-h17m56s06	57.553452	144.126938	32.318802	44.990555
20180801-h17m57s13	57.580475	144.153473	32.318787	44.990555
20180801-h17m58s19	57.607147	144.179962	32.318787	44.990555
20180801-h17m59s26	57.633453	144.206482	32.318802	44.99054
20180801-h18m00s31	57.660217	144.232986	32.318787	44.990555
20180801-h18m01s37	57.619461	144.167496	32.318817	44.99057
